1.00000000000000e-02 8.23006527942511e-02
1.00926219098705e-02 8.23335081321281e-02
1.01861017015598e-02 8.23663519225999e-02
1.02804473209331e-02 8.23991896222066e-02
1.03756667874519e-02 8.24320164817270e-02
1.04717681948552e-02 8.24648313795493e-02
1.05687597118480e-02 8.24976408785824e-02
1.06666495827954e-02 8.25304395360288e-02
1.07654461284232e-02 8.25632291757259e-02
1.08651577465254e-02 8.25960099862481e-02
1.09657929126781e-02 8.26287800431566e-02
1.10673601809597e-02 8.26615417513462e-02
1.11698681846782e-02 8.26942946517493e-02
1.12733256371049e-02 8.27270391699262e-02
1.13777413322149e-02 8.27597731526474e-02
1.14831241454351e-02 8.27924994575074e-02
1.15894830343981e-02 8.28252151990708e-02
1.16968270397039e-02 8.28579227360534e-02
1.18051652856880e-02 8.28906196189622e-02
1.19145069811978e-02 8.29233101674723e-02
1.20248614203741e-02 8.29559902668778e-02
1.21362379834424e-02 8.29886621712583e-02
1.22486461375093e-02 8.30213236334939e-02
1.23620954373677e-02 8.30539771394719e-02
1.24765955263087e-02 8.30866206436244e-02
1.25921561369415e-02 8.31192578897064e-02
1.27087870920206e-02 8.31518842433726e-02
1.28264983052806e-02 8.31845031842339e-02
1.29452997822792e-02 8.32171111019493e-02
1.30652016212472e-02 8.32497116770738e-02
1.31862140139475e-02 8.32823036639012e-02
1.33083472465408e-02 8.33148854921899e-02
1.34316117004602e-02 8.33474610916591e-02
1.35560178532937e-02 8.33800247143418e-02
1.36815762796747e-02 8.34125822478863e-02
1.38082976521809e-02 8.34451312875742e-02
1.39361927422414e-02 8.34776695398515e-02
1.40652724210524e-02 8.35102005974702e-02
1.41955476605010e-02 8.35427227623345e-02
1.43270295340983e-02 8.35752363750496e-02
1.44597292179202e-02 8.36077418660503e-02
1.45936579915576e-02 8.36402383170527e-02
1.47288272390750e-02 8.36727259532184e-02
1.48652484499786e-02 8.37052070336505e-02
1.50029332201922e-02 8.37376751096079e-02
1.51418932530435e-02 8.37701391154189e-02
1.52821403602587e-02 8.38025942836628e-02
1.54236864629663e-02 8.38350387388041e-02
1.55665435927106e-02 8.38674787259061e-02
1.57107238924745e-02 8.38999069988992e-02
1.58562396177114e-02 8.39323270659850e-02
1.60031031373870e-02 8.39647402046131e-02
1.61513269350309e-02 8.39971466448750e-02
1.63009236097974e-02 8.40295386562417e-02
1.64519058775366e-02 8.40619277059132e-02
1.66042865718753e-02 8.40943071792902e-02
1.67580786453077e-02 8.41266778760562e-02
1.69132951702965e-02 8.41590413986844e-02
1.70699493403841e-02 8.41913946480318e-02
1.72280544713139e-02 8.42237423747143e-02
1.73876240021625e-02 8.42560819415643e-02
1.75486714964815e-02 8.42884101841448e-02
1.77112106434509e-02 8.43207317045859e-02
1.78752552590424e-02 8.43530501402462e-02
1.80408192871938e-02 8.43853546567946e-02
1.82079168009946e-02 8.44176512566817e-02
1.83765620038817e-02 8.44499425363314e-02
1.85467692308470e-02 8.44822257915808e-02
1.87185529496558e-02 8.45144990440890e-02
1.88919277620767e-02 8.45467657040081e-02
1.90669084051225e-02 8.45790257942600e-02
1.92435097523033e-02 8.46112732913063e-02
1.94217468148903e-02 8.46435191144679e-02
1.96016347431919e-02 8.46757523862719e-02
1.97831888278416e-02 8.47079804121484e-02
1.99664245010979e-02 8.47401973252304e-02
2.01513573381556e-02 8.47724111636744e-02
2.03380030584698e-02 8.48046127540614e-02
2.05263775270925e-02 8.48368090257463e-02
2.07164967560207e-02 8.48689965413130e-02
2.09083769055575e-02 8.49011778190553e-02
2.11020342856860e-02 8.49333489176441e-02
2.12974853574552e-02 8.49655140356534e-02
2.14947467343798e-02 8.49976712067528e-02
2.16938351838518e-02 8.50298223671691e-02
2.18947676285662e-02 8.50619623929520e-02
2.20975611479590e-02 8.50940984931058e-02
2.23022329796594e-02 8.51262248960099e-02
2.25088005209546e-02 8.51583451384787e-02
2.27172813302691e-02 8.51904565989711e-02
2.29276931286565e-02 8.52225594465575e-02
2.31400538013065e-02 8.52546586745899e-02
2.33543813990648e-02 8.52867492547730e-02
2.35706941399673e-02 8.53188280660598e-02
2.37890104107889e-02 8.53509039664058e-02
2.40093487686065e-02 8.53829703268406e-02
2.42317279423760e-02 8.54150295075316e-02
2.44561668345245e-02 8.54470814526881e-02
2.46826845225569e-02 8.54791272758524e-02
2.49113002606779e-02 8.55111646543628e-02
2.51420334814280e-02 8.55431926720406e-02
2.53749037973357e-02 8.55752180457117e-02
2.56099310025846e-02 8.56072316142940e-02
2.58471350746956e-02 8.56392427960004e-02
2.60865361762255e-02 8.56712431529125e-02
2.63281546564802e-02 8.57032380428679e-02
2.65720110532451e-02 8.57352267323632e-02
2.68181260945302e-02 8.57672036366237e-02
2.70665207003324e-02 8.57991748319326e-02
2.73172159844138e-02 8.58311413480429e-02
2.75702332560958e-02 8.58630994788775e-02
2.78255940220712e-02 8.58950508716358e-02
2.80833199882317e-02 8.59269953081236e-02
2.83434330615131e-02 8.59589304895408e-02
2.86059553517574e-02 8.59908630992435e-02
2.88709091735924e-02 8.60227867181663e-02
2.91383170483279e-02 8.60547022975618e-02
2.94082017058706e-02 8.60866107899226e-02
2.96805860866560e-02 8.61185139138799e-02
2.99554933435981e-02 8.61504089015950e-02
3.02329468440578e-02 8.61822959274062e-02
3.05129701718287e-02 8.62141774087738e-02
3.07955871291423e-02 8.62460552994597e-02
3.10808217386906e-02 8.62779221112500e-02
3.13686982456688e-02 8.63097798051729e-02
3.16592411198352e-02 8.63416389821033e-02
3.19524750575921e-02 8.63734833607427e-02
3.22484249840844e-02 8.64053229230895e-02
3.25471160553185e-02 8.64371586144431e-02
3.28485736603004e-02 8.64689828887645e-02
3.31528234231942e-02 8.65008027103642e-02
3.34598912054997e-02 8.65326162498196e-02
3.37698031082509e-02 8.65644229026414e-02
3.40825854742345e-02 8.65962233101148e-02
3.43982648902292e-02 8.66280170265125e-02
3.47168681892656e-02 8.66598065313153e-02
3.50384224529067e-02 8.66915870711008e-02
3.53629550135504e-02 8.67233566686472e-02
3.56904934567523e-02 8.67551244195587e-02
3.60210656235707e-02 8.67868880360132e-02
3.63546996129332e-02 8.68186429186203e-02
3.66914237840249e-02 8.68503890886022e-02
3.70312667586993e-02 8.68821285589475e-02
3.73742574239106e-02 8.69138645951741e-02
3.77204249341700e-02 8.69455911886318e-02
3.80697987140229e-02 8.69773166916621e-02
3.84224084605506e-02 8.70090354066266e-02
3.87782841458946e-02 8.70407413889163e-02
3.91374560198038e-02 8.70724409421143e-02
3.94999546122064e-02 8.71041431322608e-02
3.98658107358044e-02 8.71358300344707e-02
4.02350554886929e-02 8.71675156385209e-02
4.06077202570037e-02 8.71991901244088e-02
4.09838367175726e-02 8.72308653280222e-02
4.13634368406327e-02 8.72625273131116e-02
4.17465528925314e-02 8.72941856120086e-02
4.21332174384729e-02 8.73258402425620e-02
4.25234633452868e-02 8.73574840122667e-02
4.29173237842216e-02 8.73891241513100e-02
4.33148322337640e-02 8.74207651088933e-02
4.37160224824850e-02 8.74523859238326e-02
4.41209286319119e-02 8.74840102067957e-02
4.45295850994266e-02 8.75156258632721e-02
4.49420266211914e-02 8.75472358437811e-02
4.53582882551019e-02 8.75788416622801e-02
4.57784053837662e-02 8.76104372579860e-02
4.62024137175131e-02 8.76420292068269e-02
4.66303492974273e-02 8.76736129470066e-02
4.70622484984128e-02 8.77051930761981e-02
4.74981480322850e-02 8.77367648732008e-02
4.79380849508911e-02 8.77683378334645e-02
4.83820966492596e-02 8.77998959522993e-02
4.88302208687788e-02 8.78314547913930e-02
4.92824957004051e-02 8.78630034050440e-02
4.97389595879006e-02 8.78945483574858e-02
5.01996513311008e-02 8.79260855736531e-02
5.06646100892127e-02 8.79576190041750e-02
5.11338753841433e-02 8.79891489854063e-02
5.16074871038591e-02 8.80206663934648e-02
5.20854855057766e-02 8.80521826768342e-02
5.25679112201842e-02 8.80836911601470e-02
5.30548052536957e-02 8.81151939847089e-02
5.35462089927361e-02 8.81466957351036e-02
5.40421642070592e-02 8.81781872973846e-02
5.45427130532983e-02 8.82096729347115e-02
5.50478980785497e-02 8.82411531482241e-02
5.55577622239888e-02 8.82726279575837e-02
5.60723488285203e-02 8.83040995002943e-02
5.65917016324624e-02 8.83355630736206e-02
5.71158647812643e-02 8.83670211349625e-02
5.76448828292588e-02 8.83984759831621e-02
5.81788007434494e-02 8.84299251969639e-02
5.87176639073326e-02 8.84613645619634e-02
5.92615181247555e-02 8.84928054830007e-02
5.98104096238094e-02 8.85242339956515e-02
6.03643850607587e-02 8.85556571093996e-02
6.09234915240071e-02 8.85870837855058e-02
6.14877765381002e-02 8.86184943686010e-02
6.20572880677650e-02 8.86499013994470e-02
6.26320745219869e-02 8.86813078184724e-02
6.32121847581245e-02 8.87127060027894e-02
6.37976680860628e-02 8.87440971129143e-02
6.43885742724042e-02 8.87754901046646e-02
6.49849535446989e-02 8.88068724807153e-02
6.55868565957143e-02 8.88382458968679e-02
6.61943345877439e-02 8.88696204273864e-02
6.68074391569562e-02 8.89009853828390e-02
6.74262224177834e-02 8.89323519724627e-02
6.80507369673521e-02 8.89637043225767e-02
6.86810358899530e-02 8.89950560746103e-02
6.93171727615541e-02 8.90264023769825e-02
6.99592016543538e-02 8.90577442325838e-02
7.06071771413777e-02 8.90890758129490e-02
7.12611543011175e-02 8.91204117248216e-02
7.19211887222119e-02 8.91517335230710e-02
7.25873365081725e-02 8.91830590305100e-02
7.32596542821523e-02 8.92143756507272e-02
7.39381991917587e-02 8.92456866217382e-02
7.46230289139111e-02 8.92769887464396e-02
7.53142016597437e-02 8.93082953061927e-02
7.60117761795533e-02 8.93395813687326e-02
7.67158117677930e-02 8.93708777441496e-02
7.74263682681127e-02 8.94021598355788e-02
7.81435060784454e-02 8.94334457717578e-02
7.88672861561415e-02 8.94647181199783e-02
7.95977700231499e-02 8.94959901508696e-02
8.03350197712474e-02 8.95272573578755e-02
8.10790980673169e-02 8.95585197549914e-02
8.18300681586739e-02 8.95897728444815e-02
8.25879938784427e-02 8.96210208334198e-02
8.33529396509819e-02 8.96522731126119e-02
8.41249704973612e-02 8.96835167976793e-02
8.49041520408875e-02 8.97147505886724e-02
8.56905505126835e-02 8.97459890503278e-02
8.64842327573172e-02 8.97772137967928e-02
8.72852662384838e-02 8.98084380718907e-02
8.80937190447399e-02 8.98396490057839e-02
8.89096598952916e-02 8.98708685324587e-02
8.97331581458352e-02 8.99020709038660e-02
9.05642837944529e-02 8.99332763944952e-02
9.14031074875623e-02 8.99644779785751e-02
9.22497005259217e-02 8.99956746840872e-02
9.31041348706907e-02 9.00268671887244e-02
9.39664831495469e-02 9.00580503407816e-02
9.48368186628592e-02 9.00892338396989e-02
9.57152153899187e-02 9.01204080232453e-02
9.66017479952265e-02 9.01515780827885e-02
9.74964918348409e-02 9.01827478775779e-02
9.83995229627823e-02 9.02139139165545e-02
9.93109181374980e-02 9.02450752231062e-02
1.00230754828387e-01 9.02762273083131e-02
1.01159111222383e-01 9.03073795332928e-02
1.02096066230605e-01 9.03385280756237e-02
1.03041699495059e-01 9.03696712929632e-02
1.03996091395412e-01 9.04008060289648e-02
1.04959323055823e-01 9.04319371421716e-02
1.05931476351837e-01 9.04630678157342e-02
1.06912633917348e-01 9.04941897340476e-02
1.07902879151618e-01 9.05253119179294e-02
1.08902296226373e-01 9.05564260522153e-02
1.09910970092950e-01 9.05875394830925e-02
1.10928986489522e-01 9.06186452360635e-02
1.11956431948388e-01 9.06497461597427e-02
1.12993393803322e-01 9.06808567573702e-02
1.14039960197003e-01 9.07119490810361e-02
1.15096220088503e-01 9.07430424532666e-02
1.16162263260850e-01 9.07741182574395e-02
1.17238180328660e-01 9.08052124568039e-02
1.18324062745838e-01 9.08362846316899e-02
1.19420002813353e-01 9.08673607598449e-02
1.20526093687084e-01 9.08984300444440e-02
1.21642429385737e-01 9.09294895104009e-02
1.22769104798836e-01 9.09605584666382e-02
1.23906215694792e-01 9.09916109925442e-02
1.25053858729039e-01 9.10226637343158e-02
1.26212131452255e-01 9.10537125519380e-02
1.27381132318648e-01 9.10847709216118e-02
1.28560960694330e-01 9.11158016403925e-02
1.29751716865759e-01 9.11468429485616e-02
1.30953502048267e-01 9.11778862209121e-02
1.32166418394661e-01 9.12089239948486e-02
1.33390569003906e-01 9.12399451666885e-02
1.34626057929891e-01 9.12709663609673e-02
1.35872990190271e-01 9.13019837799125e-02
1.37131471775394e-01 9.13330029197777e-02
1.38401609657313e-01 9.13640169863658e-02
1.39683511798874e-01 9.13950241799618e-02
1.40977287162897e-01 9.14260187113371e-02
1.42283045721435e-01 9.14570268096184e-02
1.43600898465126e-01 9.14880229474826e-02
1.44930957412622e-01 9.15190320153998e-02
1.46273335620113e-01 9.15500022949593e-02
1.47628147190939e-01 9.15809958285420e-02
1.48995507285285e-01 9.16119774771316e-02
1.50375532129974e-01 9.16429542180306e-02
1.51768339028341e-01 9.16739287351504e-02
1.53174046370208e-01 9.17049086629259e-02
1.54592773641948e-01 9.17358747849209e-02
1.56024641436637e-01 9.17668201744060e-02
1.57469771464309e-01 9.17977895896955e-02
1.58928286562298e-01 9.18287548720617e-02
1.60400310705682e-01 9.18597077584751e-02
1.61885969017820e-01 9.18906482721093e-02
1.63385387780986e-01 9.19215936535601e-02
1.64898694447107e-01 9.19525376416234e-02
1.66426017648590e-01 9.19834858602095e-02
1.67967487209265e-01 9.20144217807004e-02
1.69523234155412e-01 9.20453543629702e-02
1.71093390726901e-01 9.20762829577735e-02
1.72678090388436e-01 9.21072191884948e-02
1.74277467840892e-01 9.21381418649403e-02
1.75891659032773e-01 9.21690695443750e-02
1.77520801171763e-01 9.21999850405643e-02
1.79165032736390e-01 9.22308910420092e-02
1.80824493487795e-01 9.22617994335330e-02
1.82499324481615e-01 9.22927066311575e-02
1.84189668079971e-01 9.23236285149873e-02
1.85895667963569e-01 9.23545191192773e-02
1.87617469143912e-01 9.23854168506001e-02
1.89355217975630e-01 9.24163101284388e-02
1.91109062168914e-01 9.24472009710763e-02
1.92879150802078e-01 9.24780887317488e-02
1.94665634334226e-01 9.25089740921056e-02
1.96468664618045e-01 9.25398646654994e-02
1.98288394912707e-01 9.25707343612714e-02
2.00124979896904e-01 9.26016195603256e-02
2.01978575681988e-01 9.26324736729055e-02
2.03849339825246e-01 9.26633618260339e-02
2.05737431343291e-01 9.26942195955456e-02
2.07643010725577e-01 9.27250840148977e-02
2.09566239948043e-01 9.27559613555139e-02
2.11507282486879e-01 9.27867918703385e-02
2.13466303332424e-01 9.28176825943553e-02
2.15443469003188e-01 9.28485271893224e-02
2.17438947560008e-01 9.28793854463049e-02
2.19452908620331e-01 9.29102141256351e-02
2.21485523372636e-01 9.29410571676630e-02
2.23536964590980e-01 9.29719083188461e-02
2.25607406649686e-01 9.30027451324332e-02
2.27697025538168e-01 9.30335818434268e-02
2.29805998875885e-01 9.30644227402134e-02
2.31934505927443e-01 9.30952355086977e-02
2.34082727617829e-01 9.31260888082275e-02
2.36250846547795e-01 9.31568961959319e-02
2.38439047009372e-01 9.31877174157928e-02
2.40647515001542e-01 9.32185386422788e-02
2.42876438246045e-01 9.32493539253124e-02
2.45126006203334e-01 9.32801672654042e-02
2.47396410088681e-01 9.33109964900630e-02
2.49687842888433e-01 9.33417888358463e-02
2.52000499376409e-01 9.33726040241647e-02
2.54334576130465e-01 9.34034077691462e-02
2.56690271549195e-01 9.34342089952279e-02
2.59067785868801e-01 9.34650070633455e-02
2.61467321180109e-01 9.34957950670698e-02
2.63889081445751e-01 9.35265888493142e-02
2.66333272517498e-01 9.35573979899936e-02
2.68800102153761e-01 9.35881773374221e-02
2.71289780037247e-01 9.36189542774371e-02
2.73802517792786e-01 9.36497479490720e-02
2.76338529005317e-01 9.36805201263064e-02
2.78898029238044e-01 9.37113179683416e-02
2.81481236050758e-01 9.37420772134358e-02
2.84088369018330e-01 9.37728690867132e-02
2.86719649749377e-01 9.38036415146859e-02
2.89375301905095e-01 9.38344034161111e-02
2.92055551218275e-01 9.38651617445756e-02
2.94760625512486e-01 9.38959553904195e-02
2.97490754721444e-01 9.39266907946400e-02
3.00246170908555e-01 9.39574533093484e-02
3.03027108286640e-01 9.39882288025015e-02
3.05833803237843e-01 9.40189869475139e-02
3.08666494333727e-01 9.40497403225288e-02
3.11525422355549e-01 9.40804750747577e-02
3.14410830314726e-01 9.41112446042243e-02
3.17322963473498e-01 9.41419942424693e-02
3.20262069365765e-01 9.41727391804197e-02
3.23228397818138e-01 9.42034655736513e-02
3.26222200971167e-01 9.42342254970834e-02
3.29243733300777e-01 9.42649656065449e-02
3.32293251639897e-01 9.42956859228203e-02
3.35371015200293e-01 9.43264411226232e-02
3.38477285594598e-01 9.43571739521823e-02
3.41612326858553e-01 9.43879061318843e-02
3.44776405473446e-01 9.44186363791555e-02
3.47969790388769e-01 9.44493837895647e-02
3.51192753045073e-01 9.44800746598666e-02
3.54445567397043e-01 9.45108156761844e-02
3.57728509936787e-01 9.45415726464074e-02
3.61041859717334e-01 9.45722401096798e-02
3.64385898376354e-01 9.46029769023100e-02
3.67760910160103e-01 9.46336941000895e-02
3.71167181947576e-01 9.46644095083520e-02
3.74605003274899e-01 9.46951079610526e-02
3.78074666359935e-01 9.47258363111114e-02
3.81576466127125e-01 9.47565477483330e-02
3.85110700232557e-01 9.47872548746064e-02
3.88677669089267e-01 9.48179615957684e-02
3.92277675892772e-01 9.48486475627184e-02
3.95911026646846e-01 9.48793496531557e-02
3.99578030189527e-01 9.49100552627332e-02
4.03278998219371e-01 9.49407692756400e-02
4.07014245321944e-01 9.49714716209097e-02
4.10784088996565e-01 9.50021672276513e-02
4.14588849683291e-01 9.50328270141432e-02
4.18428850790158e-01 9.50635411536702e-02
4.22304418720667e-01 9.50942485545213e-02
4.26215882901532e-01 9.51249583283031e-02
4.30163575810679e-01 9.51556272010425e-02
4.34147833005509e-01 9.51863162092964e-02
4.38168993151419e-01 9.52170024727822e-02
4.42227398050590e-01 9.52476872918107e-02
4.46323392671039e-01 9.52784062566642e-02
4.50457325175946e-01 9.53090513859253e-02
4.54629546953240e-01 9.53397319744688e-02
4.58840412645476e-01 9.53704302413517e-02
4.63090280179974e-01 9.54010725420020e-02
4.67379510799246e-01 9.54317490613929e-02
4.71708469091702e-01 9.54624242608863e-02
4.76077523022637e-01 9.54931337141817e-02
4.80487043965513e-01 9.55237733765272e-02
4.84937406733524e-01 9.55544598902627e-02
4.89428989611453e-01 9.55851465342589e-02
4.93962174387832e-01 9.56157785554480e-02
4.98537346387389e-01 9.56464690988708e-02
5.03154894503805e-01 9.56771520397742e-02
5.07815211232767e-01 9.57077957984317e-02
5.12518692705333e-01 9.57384459555828e-02
5.17265738721602e-01 9.57691254206604e-02
5.22056752784698e-01 9.57998038712958e-02
5.26892142135067e-01 9.58304456105349e-02
5.31772317785097e-01 9.58616795670516e-02
5.36697694554048e-01 9.58923124720460e-02
5.41668691103315e-01 9.59229162285793e-02
5.46685729972018e-01 9.59535370764315e-02
5.51749237612913e-01 9.59841601251217e-02
5.56859644428641e-01 9.60149263152792e-02
5.62017384808319e-01 9.60453867220974e-02
5.67222897164454e-01 9.60759067224847e-02
5.72476623970218e-01 9.61063864736279e-02
5.77779011797050e-01 9.61374785485827e-02
5.83130511352622e-01 9.61673831085146e-02
5.88531577519145e-01 9.61979006507130e-02
5.93982669392036e-01 9.62288901930754e-02
5.99484250318941e-01 9.62595730244768e-02
6.05036787939122e-01 9.62902371584761e-02
6.10640754223204e-01 9.63208328786344e-02
6.16296625513294e-01 9.63514920995596e-02
6.22004882563471e-01 9.63821741993183e-02
6.27766010580650e-01 9.64128198958787e-02
6.33580499265825e-01 9.64434243679490e-02
6.39448842855694e-01 9.64741018201124e-02
6.45371540164670e-01 9.65047429287266e-02
6.51349094627280e-01 9.65353477209271e-02
6.57382014340959e-01 9.65660180068618e-02
6.63470812109235e-01 9.65966265839701e-02
6.69616005485322e-01 9.66272626251630e-02
6.75818116816111e-01 9.66578979914222e-02
6.82077673286569e-01 9.66886113778156e-02
6.88395206964550e-01 9.67191744349757e-02
6.94771254846024e-01 9.67498153783055e-02
7.01206358900718e-01 9.67803794939859e-02
7.07701066118189e-01 9.68110455874652e-02
7.14255928554313e-01 9.68417513614351e-02
7.20871503378214e-01 9.68723498462001e-02
7.27548352919623e-01 9.69029502109117e-02
7.34287044716676e-01 9.69336522009098e-02
7.41088151564157e-01 9.69642849272086e-02
7.47952251562182e-01 9.69949196868356e-02
7.54879928165344e-01 9.70255111023959e-02
7.61871770232300e-01 9.70561806915698e-02
7.68928372075831e-01 9.70868523594485e-02
7.76050333513357e-01 9.71174070905283e-02
7.83238259917920e-01 9.71480732210920e-02
7.90492762269642e-01 9.71787058557013e-02
7.97814457207663e-01 9.72092644590542e-02
8.05203967082547e-01 9.72399273750164e-02
8.12661920009195e-01 9.72705899670317e-02
8.20188949920220e-01 9.73011502882221e-02
8.27785696619848e-01 9.73318529423774e-02
8.35452805838287e-01 9.73624127128543e-02
8.43190929286626e-01 9.73930722286069e-02
8.51000724712225e-01 9.74236982467605e-02
8.58882855954625e-01 9.74543289233359e-02
8.66837993001978e-01 9.74849546825590e-02
8.74866812047991e-01 9.75155851245621e-02
8.82969995549409e-01 9.75462130850969e-02
8.91148232284020e-01 9.75768076511013e-02
8.99402217409204e-01 9.76074378223126e-02
9.07732652521023e-01 9.76381346724825e-02
9.16140245713852e-01 9.76687244162984e-02
9.24625711640574e-01 9.76993188653158e-02
9.33189771573324e-01 9.77300180777139e-02
9.41833153464795e-01 9.77606411943297e-02
9.50556592010120e-01 9.77912404872135e-02
9.59360828709314e-01 9.78218614400100e-02
9.68246611930312e-01 9.78525275764513e-02
9.77214696972572e-01 9.78830843730047e-02
9.86265846131282e-01 9.79137173322406e-02
9.95400828762152e-01 9.79443054467509e-02
1.00462042134681e+00 9.79750412412971e-02
1.01392540755882e+00 9.80056032569446e-02
1.02331657833024e+00 9.80362657195673e-02
1.03279473191895e+00 9.80668926530411e-02
1.04236067397640e+00 9.80975531858496e-02
1.05201521761616e+00 9.81280781110949e-02
1.06175918348300e+00 9.81588176561461e-02
1.07159339982267e+00 9.81893787978668e-02
1.08151870255229e+00 9.82200071333777e-02
1.09153593533139e+00 9.82506357939514e-02
1.10164594963366e+00 9.82813051610895e-02
1.11184960481927e+00 9.83119345395383e-02
1.12214776820798e+00 9.83425666065313e-02
1.13254131515281e+00 9.83732013701169e-02
1.14303112911448e+00 9.84038365408298e-02
1.15361810173648e+00 9.84345368122796e-02
1.16430313292088e+00 9.84650633184272e-02
1.17508713090481e+00 9.84957714117917e-02
1.18597101233767e+00 9.85262965446072e-02
1.19695570235904e+00 9.85570033858685e-02
1.20804213467733e+00 9.85876772449423e-02
1.21923125164911e+00 9.86182061861523e-02
1.23052400435926e+00 9.86489101868162e-02
1.24192135270178e+00 9.86795163959931e-02
1.25342426546140e+00 9.87101522484092e-02
1.26503372039590e+00 9.87407954392981e-02
1.27675070431927e+00 9.87715400187067e-02
1.28857621318552e+00 9.88020748034000e-02
1.30051125217341e+00 9.88327513272095e-02
1.31255683577184e+00 9.88633210090294e-02
1.32471398786612e+00 9.88941042513385e-02
1.33698374182495e+00 9.89247470917003e-02
1.34936714058831e+00 9.89552092088356e-02
1.36186523675608e+00 9.89859588972198e-02
1.37447909267754e+00 9.90164986574953e-02
1.38720978054162e+00 9.90472543920131e-02
1.40005838246810e+00 9.90778630743414e-02
1.41302599059953e+00 9.91084769676218e-02
1.42611370719413e+00 9.91392308587292e-02
1.43932264471941e+00 9.91698421190751e-02
1.45265392594678e+00 9.92005260157042e-02
1.46610868404698e+00 9.92311478492349e-02
1.47968806268640e+00 9.92616900154679e-02
1.49339321612425e+00 9.92923092355825e-02
1.50722530931076e+00 9.93229969717004e-02
1.52118551798610e+00 9.93536899972727e-02
1.53527502878042e+00 9.93843797273096e-02
1.54949503931463e+00 9.94151422961779e-02
1.56384675830225e+00 9.94456990116667e-02
1.57833140565212e+00 9.94763918867920e-02
1.59295021257212e+00 9.95070139518284e-02
1.60770442167382e+00 9.95377132862181e-02
1.62259528707809e+00 9.95682698548569e-02
1.63762407452169e+00 9.95990348680826e-02
1.65279206146490e+00 9.96295937261330e-02
1.66810053720006e+00 9.96603695707547e-02
1.68355080296120e+00 9.96909984622175e-02
1.69914417203463e+00 9.97217005173704e-02
1.71488196987054e+00 9.97523360571824e-02
1.73076553419573e+00 9.97830363684631e-02
1.74679621512725e+00 9.98136786104953e-02
1.76297537528721e+00 9.98442416533327e-02
1.77930438991858e+00 9.98750220837328e-02
1.79578464700210e+00 9.99058121942725e-02
1.81241754737424e+00 9.99364553798938e-02
1.82920450484629e+00 9.99671636330200e-02
1.84614694632455e+00 9.99976694646563e-02
1.86324631193156e+00 1.00028460899567e-01
1.88050405512858e+00 1.00059097165932e-01
1.89792164283910e+00 1.00089747208467e-01
1.91550055557353e+00 1.00120318330859e-01
1.93324228755505e+00 1.00151123691087e-01
1.95114834684662e+00 1.00181986320049e-01
1.96922025547917e+00 1.00212501979476e-01
1.98745954958098e+00 1.00243151208509e-01
2.00586777950823e+00 1.00273874147750e-01
2.02444650997680e+00 1.00304542664133e-01
2.04319732019527e+00 1.00335272820151e-01
2.06212180399914e+00 1.00365936337683e-01
2.08122156998634e+00 1.00396525143862e-01
2.10049824165392e+00 1.00427476948286e-01
2.11995345753607e+00 1.00458069074136e-01
2.13958887134342e+00 1.00489028172633e-01
2.15940615210357e+00 1.00519410734787e-01
2.17940698430296e+00 1.00550301060969e-01
2.19959306803007e+00 1.00581048460528e-01
2.21996611911995e+00 1.00611656786080e-01
2.24052786930002e+00 1.00642468235476e-01
2.26128006633728e+00 1.00673156362476e-01
2.28222447418690e+00 1.00703754266593e-01
2.30336287314213e+00 1.00734438064683e-01
2.32469705998565e+00 1.00765054996966e-01
2.34622884814226e+00 1.00795875792103e-01
2.36796006783308e+00 1.00826641396239e-01
2.38989256623105e+00 1.00857469768237e-01
2.41202820761801e+00 1.00887868993543e-01
2.43436887354311e+00 1.00918934136174e-01
2.45691646298279e+00 1.00949546991761e-01
2.47967289250216e+00 1.00980386998951e-01
2.50264009641792e+00 1.01011095429764e-01
2.52582002696278e+00 1.01041710384686e-01
2.54921465445142e+00 1.01072487682671e-01
2.57282596744793e+00 1.01103274563998e-01
2.59665597293487e+00 1.01134059656001e-01
2.62070669648385e+00 1.01164690290458e-01
2.64498018242772e+00 1.01195472033507e-01
2.66947849403432e+00 1.01226190631499e-01
2.69420371368188e+00 1.01256969190695e-01
2.71915794303602e+00 1.01287695695202e-01
2.74434330322837e+00 1.01318340480235e-01
2.76976193503689e+00 1.01349125612077e-01
2.79541599906786e+00 1.01380004007423e-01
2.82130767593947e+00 1.01410582507614e-01
2.84743916646725e+00 1.01441596335284e-01
2.87381269185107e+00 1.01472332208686e-01
2.90043049386399e+00 1.01503063029120e-01
2.92729483504282e+00 1.01533941772256e-01
2.95440799888038e+00 1.01564684395824e-01
2.98177229001967e+00 1.01595414901575e-01
3.00939003444972e+00 1.01626162105142e-01
3.03726357970331e+00 1.01657057400254e-01
3.06539529505653e+00 1.01687642064163e-01
3.09378757173014e+00 1.01718403322079e-01
3.12244282309286e+00 1.01749298741513e-01
3.15136348486648e+00 1.01780050659961e-01
3.18055201533292e+00 1.01810797988683e-01
3.21001089554317e+00 1.01841568761359e-01
3.23974262952820e+00 1.01872474098476e-01
3.26974974451177e+00 1.01903235865479e-01
3.30003479112529e+00 1.01934000137368e-01
3.33060034362459e+00 1.01964766934700e-01
3.36144900010876e+00 1.01995543095664e-01
3.39258338274099e+00 1.02026454397905e-01
3.42400613797143e+00 1.02057242508896e-01
3.45571993676214e+00 1.02088006012611e-01
3.48772747481418e+00 1.02118945624665e-01
3.52003147279668e+00 1.02149721212811e-01
3.55263467657814e+00 1.02180512947472e-01
3.58553985745982e+00 1.02211606922616e-01
3.61874981241128e+00 1.02242237443978e-01
3.65226736430818e+00 1.02273190359762e-01
3.68609536217216e+00 1.02303832947877e-01
3.72023668141307e+00 1.02334784681361e-01
3.75469422407334e+00 1.02365585969926e-01
3.78947091907467e+00 1.02396390039002e-01
3.82456972246700e+00 1.02427352457772e-01
3.85999361767977e+00 1.02458300086231e-01
3.89574561577550e+00 1.02488972351305e-01
3.93182875570577e+00 1.02519934580741e-01
3.96824610456948e+00 1.02550752852113e-01
4.00500075787361e+00 1.02581574006060e-01
4.04209583979631e+00 1.02612251084003e-01
4.07953450345245e+00 1.02643237670116e-01
4.11731993116168e+00 1.02674220905345e-01
4.15545533471888e+00 1.02704906551095e-01
4.19394395566719e+00 1.02735883341603e-01
4.23278906557355e+00 1.02766568760883e-01
4.27199396630678e+00 1.02797428935571e-01
4.31156199031823e+00 1.02828562336262e-01
4.35149650092505e+00 1.02859410264559e-01
4.39180089259609e+00 1.02889966424273e-01
4.43247859124040e+00 1.02921115346680e-01
4.47353305449846e+00 1.02952267387552e-01
4.51496777203610e+00 1.02983281301053e-01
4.55678626584106e+00 1.03013843807982e-01
4.59899209052244e+00 1.03044580564740e-01
4.64158883361278e+00 1.03075586205307e-01
4.68458011587304e+00 1.03106459184188e-01
4.72796959160039e+00 1.03137494822609e-01
4.77176094893875e+00 1.03168510255223e-01
4.81595791019235e+00 1.03199245249032e-01
4.86056423214213e+00 1.03230284857943e-01
4.90558370636505e+00 1.03261185649857e-01
4.95102015955635e+00 1.03291924464957e-01
4.99687745385488e+00 1.03323121994139e-01
5.04315948717136e+00 1.03354163489294e-01
5.08987019351968e+00 1.03384770022759e-01
5.13701354335134e+00 1.03415972146172e-01
5.18459354389291e+00 1.03446739012875e-01
5.23261423948666e+00 1.03477651732906e-01
5.28107971193433e+00 1.03508573411887e-01
5.32999408084409e+00 1.03539646800689e-01
5.37936150398070e+00 1.03570712745530e-01
5.42918617761894e+00 1.03601347902982e-01
5.47947233690029e+00 1.03632712369895e-01
5.53022425619290e+00 1.03663359937931e-01
5.58144624945496e+00 1.03694445613048e-01
5.63314267060136e+00 1.03725242915095e-01
5.68531791387375e+00 1.03756627753876e-01
5.73797641421413e+00 1.03787581007029e-01
5.79112264764176e+00 1.03818686484733e-01
5.84476113163363e+00 1.03849195184658e-01
5.89889642550850e+00 1.03880773632133e-01
5.95353313081437e+00 1.03911270172682e-01
6.00867589171969e+00 1.03942374963523e-01
6.06432939540806e+00 1.03973503930249e-01
6.12049837247670e+00 1.04004621380953e-01
6.17718759733849e+00 1.04035454660465e-01
6.23440188862786e+00 1.04066579766738e-01
6.29214610961034e+00 1.04097718743561e-01
6.35042516859596e+00 1.04128264580589e-01
6.40924401935645e+00 1.04159411048039e-01
6.46860766154633e+00 1.04190850328833e-01
6.52852114112785e+00 1.04221407060228e-01
6.58898955079995e+00 1.04252864080072e-01
6.65001803043112e+00 1.04283409099564e-01
6.71161176749628e+00 1.04314575028980e-01
6.77377599751775e+00 1.04345990766857e-01
6.83651600451024e+00 1.04376909353145e-01
6.89983712143002e+00 1.04408096550210e-01
6.96374473062822e+00 1.04438670098865e-01
7.02824426430835e+00 1.04469855794427e-01
7.09334120498800e+00 1.04500736733558e-01
7.15904108596489e+00 1.04532698611676e-01
7.22534949178721e+00 1.04563652068403e-01
7.29227205872831e+00 1.04594312578519e-01
7.35981447526576e+00 1.04625720159068e-01
7.42798248256492e+00 1.04657029149001e-01
7.49678187496688e+00 1.04687342769970e-01
7.56621850048105e+00 1.04718552667839e-01
7.63629826128224e+00 1.04749474712054e-01
7.70702711421230e+00 1.04781294252955e-01
7.77841107128649e+00 1.04812232873316e-01
7.85045620020451e+00 1.04843159427080e-01
7.92316862486625e+00 1.04874390620929e-01
7.99655452589235e+00 1.04905325237546e-01
8.07062014114950e+00 1.04936280186059e-01
8.14537176628074e+00 1.04967841962001e-01
8.22081575524054e+00 1.04998776245414e-01
8.29695852083491e+00 1.05030050098506e-01
8.37380653526649e+00 1.05060944150338e-01
8.45136633068471e+00 1.05092554669322e-01
8.52964449974102e+00 1.05123843847435e-01
8.60864769614924e+00 1.05154518476044e-01
8.68838263525118e+00 1.05185793836018e-01
8.76885609458743e+00 1.05216771552364e-01
8.85007491447344e+00 1.05248078010217e-01
8.93204599858097e+00 1.05279344857582e-01
9.01477631452492e+00 1.05310365087811e-01
9.09827289445556e+00 1.05341346078981e-01
9.18254283565628e+00 1.05373262651491e-01
9.26759330114688e+00 1.05403965933391e-01
9.35343152029239e+00 1.05434979242954e-01
9.44006478941760e+00 1.05466626645776e-01
9.52750047242729e+00 1.05497624067149e-01
9.61574600143210e+00 1.05528765350780e-01
9.70480887738031e+00 1.05559791550995e-01
9.79469667069540e+00 1.05591035900132e-01
9.88541702191957e+00 1.05622920741465e-01
9.97697764236320e+00 1.05654031329051e-01
1.00693863147603e+01 1.05685381106745e-01
1.01626508939300e+01 1.05716431620635e-01
1.02567793074442e+01 1.05747671795219e-01
1.03517795563018e+01 1.05778366964326e-01
1.04476597156080e+01 1.05809617467693e-01
1.05444279352617e+01 1.05841046735587e-01
1.06420924406472e+01 1.05872675693303e-01
1.07406615333343e+01 1.05903771767004e-01
1.08401435917833e+01 1.05934855571346e-01
1.09405470720574e+01 1.05966254901299e-01
1.10418805085416e+01 1.05997659136833e-01
1.11441525146679e+01 1.06029491991151e-01
1.12473717836475e+01 1.06060481975112e-01
1.13515470892100e+01 1.06091379071022e-01
1.14566872863487e+01 1.06122713831450e-01
1.15628013120738e+01 1.06154126920274e-01
1.16698981861715e+01 1.06185679216357e-01
1.17779870119712e+01 1.06216994795954e-01
1.18870769771190e+01 1.06248270486920e-01
1.19971773543588e+01 1.06279888322094e-01
1.21082975023204e+01 1.06311478498013e-01
1.22204468663149e+01 1.06342184041746e-01
1.23336349791378e+01 1.06373652577823e-01
1.24478714618791e+01 1.06404811248752e-01
1.25631660247412e+01 1.06435983173445e-01
1.26795284678643e+01 1.06468072727234e-01
1.27969686821594e+01 1.06498943142600e-01
1.29154966501488e+01 1.06529805346347e-01
1.30351224468151e+01 1.06561001052812e-01
1.31558562404570e+01 1.06593048635737e-01
1.32777082935543e+01 1.06624302631231e-01
1.34006889636395e+01 1.06656129883456e-01
1.35248087041788e+01 1.06687334252443e-01
1.36500780654601e+01 1.06718724098405e-01
1.37765076954905e+01 1.06749766094412e-01
1.39041083409007e+01 1.06781595438588e-01
1.40328908478587e+01 1.06812828508062e-01
1.41628661629920e+01 1.06844711476944e-01
1.42940453343176e+01 1.06875920110414e-01
1.44264395121816e+01 1.06907161379828e-01
1.45600599502065e+01 1.06938407979239e-01
1.46949180062482e+01 1.06970278840818e-01
1.48310251433610e+01 1.07002035952746e-01
1.49683929307726e+01 1.07032805745117e-01
1.51070330448665e+01 1.07064614995683e-01
1.52469572701757e+01 1.07095353621187e-01
1.53881775003835e+01 1.07127563326510e-01
1.55307057393346e+01 1.07159157894190e-01
1.56745541020560e+01 1.07191061482634e-01
1.58197348157860e+01 1.07222364841153e-01
1.59662602210143e+01 1.07253672207274e-01
1.61141427725302e+01 1.07284367004976e-01
1.62633950404819e+01 1.07316296617056e-01
1.64140297114447e+01 1.07348241807326e-01
1.65660595894991e+01 1.07378942907602e-01
1.67194975973199e+01 1.07410744866558e-01
1.68743567772738e+01 1.07442707972827e-01
1.70306502925284e+01 1.07473574399247e-01
1.71883914281715e+01 1.07505523895842e-01
1.73475935923393e+01 1.07536268747233e-01
1.75082703173573e+01 1.07568935526629e-01
1.76704352608895e+01 1.07599620062357e-01
1.78341022071001e+01 1.07631614307327e-01
1.79992850678248e+01 1.07662988929482e-01
1.81659978837533e+01 1.07694873841213e-01
1.83342548256229e+01 1.07725759185222e-01
1.85040701954230e+01 1.07758168116215e-01
1.86754584276108e+01 1.07789801408653e-01
1.88484340903380e+01 1.07821207615323e-01
1.90230118866894e+01 1.07851843507975e-01
1.91992066559328e+01 1.07884034831477e-01
1.93770333747799e+01 1.07916084676512e-01
1.95565071586595e+01 1.07948138082441e-01
1.97376432630026e+01 1.07979435896890e-01
1.99204570845387e+01 1.08011014005142e-01
2.01049641626050e+01 1.08041831669977e-01
2.02911801804668e+01 1.08075122476951e-01
2.04791209666509e+01 1.08106558627617e-01
2.06688024962908e+01 1.08136832561739e-01
2.08602408924850e+01 1.08169055749896e-01
2.10534524276671e+01 1.08201547158030e-01
2.12484535249888e+01 1.08232266690856e-01
2.14452607597167e+01 1.08264527850803e-01
2.16438908606402e+01 1.08296655826047e-01
2.18443607114943e+01 1.08327633571376e-01
2.20466873523941e+01 1.08359694233123e-01
2.22508879812837e+01 1.08391915068847e-01
2.24569799553977e+01 1.08423280194897e-01
2.26649807927369e+01 1.08454959226399e-01
2.28749081735570e+01 1.08486352386802e-01
2.30867799418717e+01 1.08518661958109e-01
2.33006141069692e+01 1.08549514788776e-01
2.35164288449435e+01 1.08581663592435e-01
2.37342425002387e+01 1.08613873828330e-01
2.39540735872088e+01 1.08644874007406e-01
2.41759407916913e+01 1.08677707222434e-01
2.43998629725955e+01 1.08708624363103e-01
2.46258591635055e+01 1.08740225920031e-01
2.48539485742980e+01 1.08772450747139e-01
2.50841505927754e+01 1.08804044701848e-01
2.53164847863136e+01 1.08835483629702e-01
2.55509709035251e+01 1.08867883038873e-01
2.57876288759380e+01 1.08899498358358e-01
2.60264788196900e+01 1.08930143313528e-01
2.62675410372384e+01 1.08963416976452e-01
2.65108360190854e+01 1.08993307044212e-01
2.67563844455205e+01 1.09026641194073e-01
2.70042071883777e+01 1.09059112652718e-01
2.72543253128103e+01 1.09090418406521e-01
2.75067600790806e+01 1.09122725804883e-01
2.77615329443680e+01 1.09154706109234e-01
2.80186655645920e+01 1.09186217434441e-01
2.82781797962534e+01 1.09218537350938e-01
2.85400976982924e+01 1.09250217312069e-01
2.88044415339630e+01 1.09282448786767e-01
2.90712337727258e+01 1.09312966981898e-01
2.93404970921579e+01 1.09345760230896e-01
2.96122543798803e+01 1.09377642220019e-01
2.98865287355038e+01 1.09409107441695e-01
3.01633434725920e+01 1.09441018439906e-01
3.04427221206430e+01 1.09473996756267e-01
3.07246884270900e+01 1.09505170302289e-01
3.10092663593193e+01 1.09537546432954e-01
3.12964801067075e+01 1.09568582108445e-01
3.15863540826782e+01 1.09601395137449e-01
3.18789129267765e+01 1.09633486822819e-01
3.21741815067637e+01 1.09665945006869e-01
3.24721849207313e+01 1.09697724657468e-01
3.27729484992338e+01 1.09729230149794e-01
3.30764978074424e+01 1.09761287971248e-01
3.33828586473176e+01 1.09793383165988e-01
3.36920570598027e+01 1.09825083161280e-01
3.40041193270371e+01 1.09856820347462e-01
3.43190719745904e+01 1.09888655551102e-01
3.46369417737173e+01 1.09920497709480e-01
3.49577557436328e+01 1.09953521088900e-01
3.52815411538088e+01 1.09985474644533e-01
3.56083255262928e+01 1.10017417628049e-01
3.59381366380463e+01 1.10049030167678e-01
3.62710025233065e+01 1.10080917334713e-01
3.66069514759690e+01 1.10114242830114e-01
3.69460120519930e+01 1.10146349354222e-01
3.72882130718283e+01 1.10176503928774e-01
3.76335836228653e+01 1.10210234007190e-01
3.79821530619074e+01 1.10241601064853e-01
3.83339510176660e+01 1.10272203653382e-01
3.86890073932798e+01 1.10306727451383e-01
3.90473523688556e+01 1.10338046635704e-01
3.94090164040345e+01 1.10370888370028e-01
3.97740302405804e+01 1.10403824801256e-01
4.01424249049932e+01 1.10434463400206e-01
4.05142317111465e+01 1.10466355676712e-01
4.08894822629486e+01 1.10498373007368e-01
4.12682084570295e+01 1.10530696222097e-01
4.16504424854518e+01 1.10563961411360e-01
4.20362168384471e+01 1.10595958686586e-01
4.24255643071778e+01 1.10628842702772e-01
4.28185179865241e+01 1.10660254233009e-01
4.32151112778976e+01 1.10691497243879e-01
4.36153778920801e+01 1.10723412164439e-01
4.40193518520887e+01 1.10758186395600e-01
4.44270674960688e+01 1.10789372641405e-01
4.48385594802119e+01 1.10821421932712e-01
4.52538627817017e+01 1.10853261168243e-01
4.56730127016875e+01 1.10886098330860e-01
4.60960448682843e+01 1.10918897839660e-01
4.65229952396019e+01 1.10949742107796e-01
4.69539001068006e+01 1.10983813251313e-01
4.73887960971765e+01 1.11015739495322e-01
4.78277201772749e+01 1.11047591117352e-01
4.82707096560318e+01 1.11078691334879e-01
4.87178021879463e+01 1.11111539116443e-01
4.91690357762803e+01 1.11143620390779e-01
4.96244487762891e+01 1.11177866021949e-01
5.00840798984821e+01 1.11209395216191e-01
5.05479682119124e+01 1.11241332603942e-01
5.10161531474983e+01 1.11273091478195e-01
5.14886745013749e+01 1.11305194806247e-01
5.19655724382766e+01 1.11337225011924e-01
5.24468874949512e+01 1.11371302229185e-01
5.29326605836056e+01 1.11402651117195e-01
5.34229329953835e+01 1.11434905073734e-01
5.39177464038750e+01 1.11467007823258e-01
5.44171428686589e+01 1.11499441055881e-01
5.49211648388779e+01 1.11532694333511e-01
5.54298551568467e+01 1.11566046247366e-01
5.59432570616938e+01 1.11596804623981e-01
5.64614141930367e+01 1.11629091483877e-01
5.69843705946914e+01 1.11661579317929e-01
5.75121707184161e+01 1.11695282943745e-01
5.80448594276898e+01 1.11727458274816e-01
5.85824820015254e+01 1.11760102041716e-01
5.91250841383188e+01 1.11791760744105e-01
5.96727119597332e+01 1.11826043723931e-01
6.02254120146193e+01 1.11857831054470e-01
6.07832312829723e+01 1.11891123668871e-01
6.13462171799251e+01 1.11923521256188e-01
6.19144175597784e+01 1.11955777104145e-01
6.24878807200689e+01 1.11987350849239e-01
6.30666554056741e+01 1.12020141978570e-01
6.36507908129557e+01 1.12051645904695e-01
6.42403365939419e+01 1.12083982659216e-01
6.48353428605472e+01 1.12117774203615e-01
6.54358601888324e+01 1.12150686493853e-01
6.60419396233031e+01 1.12181099458536e-01
6.66536326812491e+01 1.12217313072318e-01
6.72709913571234e+01 1.12248426564505e-01
6.78940681269611e+01 1.12281643398025e-01
6.85229159528406e+01 1.12311589182753e-01
6.91575882873853e+01 1.12345530308592e-01
6.97981390783066e+01 1.12375645445305e-01
7.04446227729904e+01 1.12411027465971e-01
7.10970943231243e+01 1.12445178089303e-01
7.17556091893693e+01 1.12475432087263e-01
7.24202233460732e+01 1.12509265649128e-01
7.30909932860291e+01 1.12540108184392e-01
7.37679760252773e+01 1.12575661620026e-01
7.44512291079513e+01 1.12606862588796e-01
7.51408106111697e+01 1.12641306324997e-01
7.58367791499719e+01 1.12674393190481e-01
7.65391938823015e+01 1.12705718628998e-01
7.72481145140340e+01 1.12737497936357e-01
7.79636013040523e+01 1.12771557611356e-01
7.86857150693685e+01 1.12804381985843e-01
7.94145171902934e+01 1.12836385517038e-01
8.01500696156540e+01 1.12867670883600e-01
8.08924348680594e+01 1.12903579080766e-01
8.16416760492146e+01 1.12933777362091e-01
8.23978568452852e+01 1.12966707990936e-01
8.31610415323096e+01 1.13001339093580e-01
8.39312949816636e+01 1.13034208109112e-01
8.47086826655740e+01 1.13065623234908e-01
8.54932706626838e+01 1.13099347725403e-01
8.62851256636689e+01 1.13130591540364e-01
8.70843149769072e+01 1.13164532417747e-01
8.78909065341995e+01 1.13196559124643e-01
8.87049688965440e+01 1.13232498831604e-01
8.95265712599639e+01 1.13265786542527e-01
9.03557834613893e+01 1.13295443564524e-01
9.11926759845930e+01 1.13329228640101e-01
9.20373199661822e+01 1.13363098845784e-01
9.28897872016450e+01 1.13394944216241e-01
9.37501501514529e+01 1.13426191437992e-01
9.46184819472200e+01 1.13460235744294e-01
9.54948563979197e+01 1.13494289880845e-01
9.63793479961579e+01 1.13525723978626e-01
9.72720319245054e+01 1.13559717937515e-01
9.81729840618884e+01 1.13593801688364e-01
9.90822809900380e+01 1.13625271386434e-01
1.00000000000000e+02 1.13659374379192e-01
