1.00000000000000e-02 7.96385176728817e-02
1.00926219098705e-02 7.96754882823621e-02
1.01861017015598e-02 7.97124482273236e-02
1.02804473209331e-02 7.97493961713125e-02
1.03756667874519e-02 7.97863349770032e-02
1.04717681948552e-02 7.98232616729931e-02
1.05687597118480e-02 7.98601757976136e-02
1.06666495827954e-02 7.98970807729242e-02
1.07654461284232e-02 7.99339759052198e-02
1.08651577465254e-02 7.99708584823321e-02
1.09657929126781e-02 8.00077312597678e-02
1.10673601809597e-02 8.00445935936778e-02
1.11698681846782e-02 8.00814448445846e-02
1.12733256371049e-02 8.01182835563277e-02
1.13777413322149e-02 8.01551140080320e-02
1.14831241454351e-02 8.01919333121909e-02
1.15894830343981e-02 8.02287417031126e-02
1.16968270397039e-02 8.02655404185183e-02
1.18051652856880e-02 8.03023267320204e-02
1.19145069811978e-02 8.03391034386182e-02
1.20248614203741e-02 8.03758686069907e-02
1.21362379834424e-02 8.04126255336774e-02
1.22486461375093e-02 8.04493715969612e-02
1.23620954373677e-02 8.04861054263338e-02
1.24765955263087e-02 8.05228290467944e-02
1.25921561369415e-02 8.05595446129349e-02
1.27087870920206e-02 8.05962465868907e-02
1.28264983052806e-02 8.06329405533589e-02
1.29452997822792e-02 8.06696216049905e-02
1.30652016212472e-02 8.07062947417962e-02
1.31862140139475e-02 8.07429558284731e-02
1.33083472465408e-02 8.07796096185438e-02
1.34316117004602e-02 8.08162499562786e-02
1.35560178532937e-02 8.08528830647374e-02
1.36815762796747e-02 8.08895041876264e-02
1.38082976521809e-02 8.09261147090993e-02
1.39361927422414e-02 8.09627146552327e-02
1.40652724210524e-02 8.09993073465709e-02
1.41955476605010e-02 8.10358869434447e-02
1.43270295340983e-02 8.10724579341563e-02
1.44597292179202e-02 8.11090184101674e-02
1.45936579915576e-02 8.11455685289798e-02
1.47288272390750e-02 8.11821087730423e-02
1.48652484499786e-02 8.12186406343708e-02
1.50029332201922e-02 8.12551600566758e-02
1.51418932530435e-02 8.12916704566379e-02
1.52821403602587e-02 8.13281718336897e-02
1.54236864629663e-02 8.13646636668271e-02
1.55665435927106e-02 8.14011443373552e-02
1.57107238924745e-02 8.14376141524580e-02
1.58562396177114e-02 8.14740770327557e-02
1.60031031373870e-02 8.15105275176577e-02
1.61513269350309e-02 8.15469713410869e-02
1.63009236097974e-02 8.15834013969256e-02
1.64519058775366e-02 8.16198248348872e-02
1.66042865718753e-02 8.16562358498994e-02
1.67580786453077e-02 8.16926402840646e-02
1.69132951702965e-02 8.17290352247885e-02
1.70699493403841e-02 8.17654179791826e-02
1.72280544713139e-02 8.18017926904175e-02
1.73876240021625e-02 8.18381567949837e-02
1.75486714964815e-02 8.18745127807184e-02
1.77112106434509e-02 8.19108566748818e-02
1.78752552590424e-02 8.19471940183069e-02
1.80408192871938e-02 8.19835181434912e-02
1.82079168009946e-02 8.20198368730645e-02
1.83765620038817e-02 8.20561436016017e-02
1.85467692308470e-02 8.20924438636703e-02
1.87185529496558e-02 8.21287309367253e-02
1.88919277620767e-02 8.21650088319659e-02
1.90669084051225e-02 8.22012787992074e-02
1.92435097523033e-02 8.22375410933567e-02
1.94217468148903e-02 8.22737914597116e-02
1.96016347431919e-02 8.23100340775290e-02
1.97831888278416e-02 8.23462689081050e-02
1.99664245010979e-02 8.23824907723223e-02
2.01513573381556e-02 8.24187063594807e-02
2.03380030584698e-02 8.24549114094925e-02
2.05263775270925e-02 8.24911074740813e-02
2.07164967560207e-02 8.25272934168168e-02
2.09083769055575e-02 8.25634740746126e-02
2.11020342856860e-02 8.25996395272001e-02
2.12974853574552e-02 8.26357997999638e-02
2.14947467343798e-02 8.26719527790254e-02
2.16938351838518e-02 8.27080925721160e-02
2.18947676285662e-02 8.27442276697294e-02
2.20975611479590e-02 8.27803499976312e-02
2.23022329796594e-02 8.28164660859976e-02
2.25088005209546e-02 8.28525695094165e-02
2.27172813302691e-02 8.28886694110604e-02
2.29276931286565e-02 8.29247552330542e-02
2.31400538013065e-02 8.29608349602569e-02
2.33543813990648e-02 8.29969049113158e-02
2.35706941399673e-02 8.30329673489007e-02
2.37890104107889e-02 8.30690184079225e-02
2.40093487686065e-02 8.31050649755245e-02
2.42317279423760e-02 8.31411002094030e-02
2.44561668345245e-02 8.31771241926876e-02
2.46826845225569e-02 8.32131435597200e-02
2.49113002606779e-02 8.32491531815908e-02
2.51420334814280e-02 8.32851514293469e-02
2.53749037973357e-02 8.33211465820304e-02
2.56099310025846e-02 8.33571280566511e-02
2.58471350746956e-02 8.33931048815779e-02
2.60865361762255e-02 8.34290680810895e-02
2.63281546564802e-02 8.34650267982662e-02
2.65720110532451e-02 8.35009756720233e-02
2.68181260945302e-02 8.35369151695452e-02
2.70665207003324e-02 8.35728472669285e-02
2.73172159844138e-02 8.36087699027479e-02
2.75702332560958e-02 8.36446882217853e-02
2.78255940220712e-02 8.36805943392617e-02
2.80833199882317e-02 8.37164920672231e-02
2.83434330615131e-02 8.37523815561755e-02
2.86059553517574e-02 8.37882628923428e-02
2.88709091735924e-02 8.38241385578910e-02
2.91383170483279e-02 8.38600034571826e-02
2.94082017058706e-02 8.38958615296608e-02
2.96805860866560e-02 8.39317061663650e-02
2.99554933435981e-02 8.39675481257835e-02
3.02329468440578e-02 8.40033804072832e-02
3.05129701718287e-02 8.40392061405585e-02
3.07955871291423e-02 8.40750210441908e-02
3.10808217386906e-02 8.41108278569753e-02
3.13686982456688e-02 8.41466267978571e-02
3.16592411198352e-02 8.41824191423930e-02
3.19524750575921e-02 8.42182045809388e-02
3.22484249840844e-02 8.42539769203445e-02
3.25471160553185e-02 8.42897441201411e-02
3.28485736603004e-02 8.43255034172690e-02
3.31528234231942e-02 8.43612570792166e-02
3.34598912054997e-02 8.43969978657906e-02
3.37698031082509e-02 8.44327335937512e-02
3.40825854742345e-02 8.44684612368890e-02
3.43982648902292e-02 8.45041785825230e-02
3.47168681892656e-02 8.45398932956358e-02
3.50384224529067e-02 8.45755924838185e-02
3.53629550135504e-02 8.46112917152116e-02
3.56904934567523e-02 8.46469810034674e-02
3.60210656235707e-02 8.46826594305722e-02
3.63546996129332e-02 8.47183329583232e-02
3.66914237840249e-02 8.47539963434899e-02
3.70312667586993e-02 8.47896545993435e-02
3.73742574239106e-02 8.48253053875126e-02
3.77204249341700e-02 8.48609460983179e-02
3.80697987140229e-02 8.48965788410729e-02
3.84224084605506e-02 8.49322097068769e-02
3.87782841458946e-02 8.49678250352056e-02
3.91374560198038e-02 8.50034378432750e-02
3.94999546122064e-02 8.50390379236897e-02
3.98658107358044e-02 8.50746386959496e-02
4.02350554886929e-02 8.51102266443709e-02
4.06077202570037e-02 8.51458098066163e-02
4.09838367175726e-02 8.51813779797065e-02
4.13634368406327e-02 8.52169434743864e-02
4.17465528925314e-02 8.52525043784708e-02
4.21332174384729e-02 8.52880556046244e-02
4.25234633452868e-02 8.53235995251534e-02
4.29173237842216e-02 8.53591360163327e-02
4.33148322337640e-02 8.53946651042992e-02
4.37160224824850e-02 8.54301872224673e-02
4.41209286319119e-02 8.54657018381301e-02
4.45295850994266e-02 8.55012093870161e-02
4.49420266211914e-02 8.55367097528772e-02
4.53582882551019e-02 8.55722029574572e-02
4.57784053837662e-02 8.56076862677621e-02
4.62024137175131e-02 8.56431653481600e-02
4.66303492974273e-02 8.56786344386709e-02
4.70622484984128e-02 8.57141045683518e-02
4.74981480322850e-02 8.57495596635568e-02
4.79380849508911e-02 8.57850074428445e-02
4.83820966492596e-02 8.58204512374679e-02
4.88302208687788e-02 8.58558848662048e-02
4.92824957004051e-02 8.58913094757858e-02
4.97389595879006e-02 8.59267346771426e-02
5.01996513311008e-02 8.59621504770571e-02
5.06646100892127e-02 8.59975567621667e-02
5.11338753841433e-02 8.60329612244838e-02
5.16074871038591e-02 8.60683536088125e-02
5.20854855057766e-02 8.61037417472920e-02
5.25679112201842e-02 8.61391232002285e-02
5.30548052536957e-02 8.61744900400181e-02
5.35462089927361e-02 8.62098577608666e-02
5.40421642070592e-02 8.62452161146208e-02
5.45427130532983e-02 8.62805730669167e-02
5.50478980785497e-02 8.63159176679426e-02
5.55577622239888e-02 8.63512587372553e-02
5.60723488285203e-02 8.63865876438895e-02
5.65917016324624e-02 8.64219153717971e-02
5.71158647812643e-02 8.64572332890977e-02
5.76448828292588e-02 8.64925424225254e-02
5.81788007434494e-02 8.65278500114919e-02
5.87176639073326e-02 8.65631510178297e-02
5.92615181247555e-02 8.65984428723298e-02
5.98104096238094e-02 8.66337280522175e-02
6.03643850607587e-02 8.66690045541143e-02
6.09234915240071e-02 8.67042768699116e-02
6.14877765381002e-02 8.67395455922744e-02
6.20572880677650e-02 8.67748046917678e-02
6.26320745219869e-02 8.68100576517518e-02
6.32121847581245e-02 8.68453019015001e-02
6.37976680860628e-02 8.68805417720654e-02
6.43885742724042e-02 8.69157728318995e-02
6.49849535446989e-02 8.69510004212281e-02
6.55868565957143e-02 8.69862241280173e-02
6.61943345877439e-02 8.70214362072363e-02
6.68074391569562e-02 8.70566447340932e-02
6.74262224177834e-02 8.70918521682689e-02
6.80507369673521e-02 8.71270381354315e-02
6.86810358899530e-02 8.71622276396698e-02
6.93171727615541e-02 8.71974161103842e-02
6.99592016543538e-02 8.72325935211021e-02
7.06071771413777e-02 8.72677650651700e-02
7.12611543011175e-02 8.73029298824757e-02
7.19211887222119e-02 8.73380834163846e-02
7.25873365081725e-02 8.73732314447080e-02
7.32596542821523e-02 8.74083831279297e-02
7.39381991917587e-02 8.74435293421350e-02
7.46230289139111e-02 8.74786534509230e-02
7.53142016597437e-02 8.75137876103110e-02
7.60117761795533e-02 8.75489097322986e-02
7.67158117677930e-02 8.75840164564024e-02
7.74263682681127e-02 8.76191272446704e-02
7.81435060784454e-02 8.76542318019902e-02
7.88672861561415e-02 8.76893307434402e-02
7.95977700231499e-02 8.77244234985521e-02
8.03350197712474e-02 8.77595103827087e-02
8.10790980673169e-02 8.77945920085499e-02
8.18300681586739e-02 8.78296623629850e-02
8.25879938784427e-02 8.78647317575998e-02
8.33529396509819e-02 8.78997905211272e-02
8.41249704973612e-02 8.79348486603650e-02
8.49041520408875e-02 8.79698953135919e-02
8.56905505126835e-02 8.80049422809098e-02
8.64842327573172e-02 8.80399832441449e-02
8.72852662384838e-02 8.80750133832698e-02
8.80937190447399e-02 8.81100529790281e-02
8.89096598952916e-02 8.81450666729786e-02
8.97331581458352e-02 8.81800847276054e-02
9.05642837944529e-02 8.82150923401020e-02
9.14031074875623e-02 8.82500992105275e-02
9.22497005259217e-02 8.82850959846218e-02
9.31041348706907e-02 8.83200971860854e-02
9.39664831495469e-02 8.83550823049790e-02
9.48368186628592e-02 8.83900625256660e-02
9.57152153899187e-02 8.84250463300385e-02
9.66017479952265e-02 8.84600153183058e-02
9.74964918348409e-02 8.84949788706260e-02
9.83995229627823e-02 8.85299418375004e-02
9.93109181374980e-02 8.85648942800738e-02
1.00230754828387e-01 8.85998470795891e-02
1.01159111222383e-01 8.86347890989458e-02
1.02096066230605e-01 8.86697306077836e-02
1.03041699495059e-01 8.87046719249991e-02
1.03996091395412e-01 8.87395922849079e-02
1.04959323055823e-01 8.87745188225021e-02
1.05931476351837e-01 8.88094340857632e-02
1.06912633917348e-01 8.88443495413129e-02
1.07902879151618e-01 8.88792591810083e-02
1.08902296226373e-01 8.89141540049302e-02
1.09910970092950e-01 8.89490587044265e-02
1.10928986489522e-01 8.89839486334899e-02
1.11956431948388e-01 8.90188328292726e-02
1.12993393803322e-01 8.90537221453829e-02
1.14039960197003e-01 8.90885913417774e-02
1.15096220088503e-01 8.91234653931876e-02
1.16162263260850e-01 8.91583343997257e-02
1.17238180328660e-01 8.91931890777839e-02
1.18324062745838e-01 8.92280474495303e-02
1.19420002813353e-01 8.92628966442809e-02
1.20526093687084e-01 8.92977396601257e-02
1.21642429385737e-01 8.93325849692817e-02
1.22769104798836e-01 8.93674346533830e-02
1.23906215694792e-01 8.94022485099648e-02
1.25053858729039e-01 8.94370782035358e-02
1.26212131452255e-01 8.94718979413353e-02
1.27381132318648e-01 8.95067221205371e-02
1.28560960694330e-01 8.95415369940627e-02
1.29751716865759e-01 8.95763416640571e-02
1.30953502048267e-01 8.96111370677947e-02
1.32166418394661e-01 8.96459322054101e-02
1.33390569003906e-01 8.96807346332601e-02
1.34626057929891e-01 8.97155104351772e-02
1.35872990190271e-01 8.97502965220356e-02
1.37131471775394e-01 8.97850776316535e-02
1.38401609657313e-01 8.98198610108493e-02
1.39683511798874e-01 8.98546229488908e-02
1.40977287162897e-01 8.98893761063201e-02
1.42283045721435e-01 8.99241444229223e-02
1.43600898465126e-01 8.99588979842045e-02
1.44930957412622e-01 8.99936571757341e-02
1.46273335620113e-01 9.00283908660030e-02
1.47628147190939e-01 9.00631422379219e-02
1.48995507285285e-01 9.00978764954501e-02
1.50375532129974e-01 9.01326189041941e-02
1.51768339028341e-01 9.01673448577313e-02
1.53174046370208e-01 9.02020676067134e-02
1.54592773641948e-01 9.02367847220239e-02
1.56024641436637e-01 9.02714986792135e-02
1.57469771464309e-01 9.03062178177121e-02
1.58928286562298e-01 9.03409224473543e-02
1.60400310705682e-01 9.03756132060608e-02
1.61885969017820e-01 9.04103193641713e-02
1.63385387780986e-01 9.04450110807183e-02
1.64898694447107e-01 9.04796883757210e-02
1.66426017648590e-01 9.05143715860199e-02
1.67967487209265e-01 9.05490505741415e-02
1.69523234155412e-01 9.05837259735541e-02
1.71093390726901e-01 9.06184168753997e-02
1.72678090388436e-01 9.06530636341116e-02
1.74277467840892e-01 9.06877456128089e-02
1.75891659032773e-01 9.07223936443310e-02
1.77520801171763e-01 9.07570578658316e-02
1.79165032736390e-01 9.07916983369655e-02
1.80824493487795e-01 9.08263442771372e-02
1.82499324481615e-01 9.08609957027149e-02
1.84189668079971e-01 9.08956329683405e-02
1.85895667963569e-01 9.09302877444475e-02
1.87617469143912e-01 9.09649081251889e-02
1.89355217975630e-01 9.09995340741777e-02
1.91109062168914e-01 9.10341459489263e-02
1.92879150802078e-01 9.10687735642962e-02
1.94665634334226e-01 9.11033770166875e-02
1.96468664618045e-01 9.11379987042534e-02
1.98288394912707e-01 9.11726045589900e-02
2.00124979896904e-01 9.12072078091579e-02
2.01978575681988e-01 9.12418161446933e-02
2.03849339825246e-01 9.12764111709474e-02
2.05737431343291e-01 9.13109846432258e-02
2.07643010725577e-01 9.13455804167458e-02
2.09566239948043e-01 9.13801648024943e-02
2.11507282486879e-01 9.14147651036098e-02
2.13466303332424e-01 9.14493313483950e-02
2.15443469003188e-01 9.14839141597850e-02
2.17438947560008e-01 9.15184737008015e-02
2.19452908620331e-01 9.15530283816996e-02
2.21485523372636e-01 9.15876003030226e-02
2.23536964590980e-01 9.16221692492947e-02
2.25607406649686e-01 9.16567131632757e-02
2.27697025538168e-01 9.16912428011003e-02
2.29805998875885e-01 9.17258207138328e-02
2.31934505927443e-01 9.17603659992908e-02
2.34082727617829e-01 9.17948964609189e-02
2.36250846547795e-01 9.18294329532301e-02
2.38439047009372e-01 9.18639874452765e-02
2.40647515001542e-01 9.18984974608977e-02
2.42876438246045e-01 9.19330230607281e-02
2.45126006203334e-01 9.19675572233328e-02
2.47396410088681e-01 9.20020779117705e-02
2.49687842888433e-01 9.20365952591224e-02
2.52000499376409e-01 9.20710979458997e-02
2.54334576130465e-01 9.21056193831843e-02
2.56690271549195e-01 9.21401350758770e-02
2.59067785868801e-01 9.21746386296689e-02
2.61467321180109e-01 9.22091508829667e-02
2.63889081445751e-01 9.22436259314768e-02
2.66333272517498e-01 9.22781198197014e-02
2.68800102153761e-01 9.23126218516238e-02
2.71289780037247e-01 9.23470986858859e-02
2.73802517792786e-01 9.23815837052084e-02
2.76338529005317e-01 9.24160542829121e-02
2.78898029238044e-01 9.24505520378825e-02
2.81481236050758e-01 9.24850088017164e-02
2.84088369018330e-01 9.25195092767901e-02
2.86719649749377e-01 9.25539498508555e-02
2.89375301905095e-01 9.25884253090125e-02
2.92055551218275e-01 9.26228965475763e-02
2.94760625512486e-01 9.26573483033494e-02
2.97490754721444e-01 9.26918154399040e-02
3.00246170908555e-01 9.27262885075768e-02
3.03027108286640e-01 9.27607005795780e-02
3.05833803237843e-01 9.27951476501191e-02
3.08666494333727e-01 9.28296144669882e-02
3.11525422355549e-01 9.28640570320231e-02
3.14410830314726e-01 9.28984753736987e-02
3.17322963473498e-01 9.29329336783050e-02
3.20262069365765e-01 9.29673879612274e-02
3.23228397818138e-01 9.30017789831101e-02
3.26222200971167e-01 9.30362277303710e-02
3.29243733300777e-01 9.30706737474097e-02
3.32293251639897e-01 9.31050565733251e-02
3.35371015200293e-01 9.31394971749255e-02
3.38477285594598e-01 9.31739149510731e-02
3.41612326858553e-01 9.32083300726502e-02
3.44776405473446e-01 9.32427022704639e-02
3.47969790388769e-01 9.32771310700675e-02
3.51192753045073e-01 9.33115810940712e-02
3.54445567397043e-01 9.33459656628026e-02
3.57728509936787e-01 9.33803476847361e-02
3.61041859717334e-01 9.34147460904642e-02
3.64385898376354e-01 9.34491432136198e-02
3.67760910160103e-01 9.34835378461986e-02
3.71167181947576e-01 9.35179727285485e-02
3.74605003274899e-01 9.35523600031173e-02
3.78074666359935e-01 9.35866868690356e-02
3.81576466127125e-01 9.36211120115233e-02
3.85110700232557e-01 9.36554932847670e-02
3.88677669089267e-01 9.36898746115734e-02
3.92277675892772e-01 9.37242511678153e-02
3.95911026646846e-01 9.37586101371606e-02
3.99578030189527e-01 9.37930021673023e-02
4.03278998219371e-01 9.38273705867584e-02
4.07014245321944e-01 9.38617403721829e-02
4.10784088996565e-01 9.38961268383815e-02
4.14588849683291e-01 9.39304921503597e-02
4.18428850790158e-01 9.39648314999653e-02
4.22304418720667e-01 9.39992113533633e-02
4.26215882901532e-01 9.40335499650882e-02
4.30163575810679e-01 9.40678840291418e-02
4.34147833005509e-01 9.41022586438446e-02
4.38168993151419e-01 9.41366098161716e-02
4.42227398050590e-01 9.41709412239876e-02
4.46323392671039e-01 9.42052858040778e-02
4.50457325175946e-01 9.42396307857091e-02
4.54629546953240e-01 9.42739938641768e-02
4.58840412645476e-01 9.43083348182843e-02
4.63090280179974e-01 9.43426725890358e-02
4.67379510799246e-01 9.43770095984817e-02
4.71708469091702e-01 9.44113648007690e-02
4.76077523022637e-01 9.44456588844537e-02
4.80487043965513e-01 9.44800516962045e-02
4.84937406733524e-01 9.45143159038871e-02
4.89428989611453e-01 9.45486695209602e-02
4.93962174387832e-01 9.45829939638177e-02
4.98537346387389e-01 9.46173533741937e-02
5.03154894503805e-01 9.46515984141205e-02
5.07815211232767e-01 9.46859150697887e-02
5.12518692705333e-01 9.47202584839176e-02
5.17265738721602e-01 9.47546130931065e-02
5.22056752784698e-01 9.47889091840177e-02
5.26892142135067e-01 9.48232414728049e-02
5.31772317785097e-01 9.48575329938343e-02
5.36697694554048e-01 9.48918441803840e-02
5.41668691103315e-01 9.49261714998143e-02
5.46685729972018e-01 9.49604014711983e-02
5.51749237612913e-01 9.49947632567882e-02
5.56859644428641e-01 9.50290869648676e-02
5.62017384808319e-01 9.50634102824713e-02
5.67222897164454e-01 9.50976917959160e-02
5.72476623970218e-01 9.51319884152636e-02
5.77779011797050e-01 9.51662645769399e-02
5.83130511352622e-01 9.52005605676138e-02
5.88531577519145e-01 9.52348551001806e-02
5.93982669392036e-01 9.52691493508783e-02
5.99484250318941e-01 9.53034032301037e-02
6.05036787939122e-01 9.53377537804784e-02
6.10640754223204e-01 9.53720403752795e-02
6.16296625513294e-01 9.54062687528950e-02
6.22004882563471e-01 9.54405537660730e-02
6.27766010580650e-01 9.54748423779479e-02
6.33580499265825e-01 9.55091636821180e-02
6.39448842855694e-01 9.55434460211620e-02
6.45371540164670e-01 9.55777271057431e-02
6.51349094627280e-01 9.56119667791932e-02
6.57382014340959e-01 9.56463237717651e-02
6.63470812109235e-01 9.56810350860120e-02
6.69616005485322e-01 9.57153603462838e-02
6.75818116816111e-01 9.57496261987190e-02
6.82077673286569e-01 9.57838732521190e-02
6.88395206964550e-01 9.58183628352218e-02
6.94771254846024e-01 9.58525024521288e-02
7.01206358900718e-01 9.58867312259077e-02
7.07701066118189e-01 9.59209705431892e-02
7.14255928554313e-01 9.59550807622874e-02
7.20871503378214e-01 9.59892340204267e-02
7.27548352919623e-01 9.60234320559127e-02
7.34287044716676e-01 9.60575901333675e-02
7.41088151564157e-01 9.60916912337407e-02
7.47952251562182e-01 9.61258413666244e-02
7.54879928165344e-01 9.61599468694169e-02
7.61871770232300e-01 9.61940950643032e-02
7.68928372075831e-01 9.62288114574683e-02
7.76050333513357e-01 9.62631167483566e-02
7.83238259917920e-01 9.62973336300711e-02
7.90492762269642e-01 9.63316324190366e-02
7.97814457207663e-01 9.63658902765838e-02
8.05203967082547e-01 9.64001473630400e-02
8.12661920009195e-01 9.64344011912203e-02
8.20188949920220e-01 9.64686191116378e-02
8.27785696619848e-01 9.65028336738811e-02
8.35452805838287e-01 9.65371707651631e-02
8.43190929286626e-01 9.65714219725809e-02
8.51000724712225e-01 9.66056390002753e-02
8.58882855954625e-01 9.66398465974057e-02
8.66837993001978e-01 9.66741362648015e-02
8.74866812047991e-01 9.67083918869411e-02
8.82969995549409e-01 9.67426401744799e-02
8.91148232284020e-01 9.67768923672660e-02
8.99402217409204e-01 9.68111798291142e-02
9.07732652521023e-01 9.68453436798259e-02
9.16140245713852e-01 9.68796748671563e-02
9.24625711640574e-01 9.69138871842416e-02
9.33189771573324e-01 9.69481772709349e-02
9.41833153464795e-01 9.69823773502332e-02
9.50556592010120e-01 9.70166642805764e-02
9.59360828709314e-01 9.70508704102580e-02
9.68246611930312e-01 9.70851251305381e-02
9.77214696972572e-01 9.71193642825743e-02
9.86265846131282e-01 9.71536139577693e-02
9.95400828762152e-01 9.71878545926591e-02
1.00462042134681e+00 9.72221440613235e-02
1.01392540755882e+00 9.72563863133393e-02
1.02331657833024e+00 9.72905476541893e-02
1.03279473191895e+00 9.73247979790295e-02
1.04236067397640e+00 9.73590735453513e-02
1.05201521761616e+00 9.73932768605899e-02
1.06175918348300e+00 9.74275628526720e-02
1.07159339982267e+00 9.74618061646730e-02
1.08151870255229e+00 9.74960068195664e-02
1.09153593533139e+00 9.75302946369973e-02
1.10164594963366e+00 9.75646137708910e-02
1.11184960481927e+00 9.75988992750381e-02
1.12214776820798e+00 9.76329787922342e-02
1.13254131515281e+00 9.76673067625689e-02
1.14303112911448e+00 9.77015518296089e-02
1.15361810173648e+00 9.77357500370195e-02
1.16430313292088e+00 9.77699929966699e-02
1.17508713090481e+00 9.78042019490989e-02
1.18597101233767e+00 9.78384365820212e-02
1.19695570235904e+00 9.78726776011149e-02
1.20804213467733e+00 9.79069231165871e-02
1.21923125164911e+00 9.79412472797878e-02
1.23052400435926e+00 9.79754102238208e-02
1.24192135270178e+00 9.80096987262280e-02
1.25342426546140e+00 9.80438980629930e-02
1.26503372039590e+00 9.80781040256435e-02
1.27675070431927e+00 9.81123485085992e-02
1.28857621318552e+00 9.81466315554060e-02
1.30051125217341e+00 9.81808765935583e-02
1.31255683577184e+00 9.82151644793797e-02
1.32471398786612e+00 9.82493697317417e-02
1.33698374182495e+00 9.82836136231348e-02
1.34936714058831e+00 9.83178600045893e-02
1.36186523675608e+00 9.83521493141692e-02
1.37447909267754e+00 9.83863539457493e-02
1.38720978054162e+00 9.84207249042288e-02
1.40005838246810e+00 9.84548495934601e-02
1.41302599059953e+00 9.84890555624261e-02
1.42611370719413e+00 9.85233512859714e-02
1.43932264471941e+00 9.85576391647277e-02
1.45265392594678e+00 9.85920126096577e-02
1.46610868404698e+00 9.86260588490850e-02
1.47968806268640e+00 9.86604249910381e-02
1.49339321612425e+00 9.86946426843314e-02
1.50722530931076e+00 9.87288566245886e-02
1.52118551798610e+00 9.87631438256402e-02
1.53527502878042e+00 9.87973632190763e-02
1.54949503931463e+00 9.88315790143851e-02
1.56384675830225e+00 9.88658724933942e-02
1.57833140565212e+00 9.89001666384368e-02
1.59295021257212e+00 9.89342954054887e-02
1.60770442167382e+00 9.89685992265836e-02
1.62259528707809e+00 9.90028997280915e-02
1.63762407452169e+00 9.90371118339304e-02
1.65279206146490e+00 9.90713288273393e-02
1.66810053720006e+00 9.91056398328955e-02
1.68355080296120e+00 9.91399396218171e-02
1.69914417203463e+00 9.91742402452348e-02
1.71488196987054e+00 9.92084647196258e-02
1.73076553419573e+00 9.92427711936268e-02
1.74679621512725e+00 9.92769894537314e-02
1.76297537528721e+00 9.93112126888144e-02
1.77930438991858e+00 9.93454409009536e-02
1.79578464700210e+00 9.93797472361432e-02
1.81241754737424e+00 9.94140545599798e-02
1.82920450484629e+00 9.94483669591681e-02
1.84614694632455e+00 9.94825992836305e-02
1.86324631193156e+00 9.95169098045458e-02
1.88050405512858e+00 9.95510630815786e-02
1.89792164283910e+00 9.95854529988431e-02
1.91550055557353e+00 9.96196937380685e-02
1.93324228755505e+00 9.96540166964483e-02
1.95114834684662e+00 9.96883290212683e-02
1.96922025547917e+00 9.97225652758653e-02
1.98745954958098e+00 9.97567331050981e-02
2.00586777950823e+00 9.97909602099904e-02
2.02444650997680e+00 9.98252040423960e-02
2.04319732019527e+00 9.98596194474335e-02
2.06212180399914e+00 9.98938581218971e-02
2.08122156998634e+00 9.99283536430621e-02
2.10049824165392e+00 9.99623547029506e-02
2.11995345753607e+00 9.99967601737616e-02
2.13958887134342e+00 1.00031097110502e-01
2.15940615210357e+00 1.00065257390153e-01
2.17940698430296e+00 1.00099678516231e-01
2.19959306803007e+00 1.00133930681828e-01
2.21996611911995e+00 1.00168188101260e-01
2.24052786930002e+00 1.00202683475596e-01
2.26128006633728e+00 1.00236854899143e-01
2.28222447418690e+00 1.00271205975913e-01
2.30336287314213e+00 1.00305547046284e-01
2.32469705998565e+00 1.00339893517858e-01
2.34622884814226e+00 1.00373997200999e-01
2.36796006783308e+00 1.00408416947339e-01
2.38989256623105e+00 1.00442694353109e-01
2.41202820761801e+00 1.00476958276088e-01
2.43436887354311e+00 1.00511235039456e-01
2.45691646298279e+00 1.00545594947222e-01
2.47967289250216e+00 1.00579945553419e-01
2.50264009641792e+00 1.00614142038908e-01
2.52582002696278e+00 1.00648581418880e-01
2.54921465445142e+00 1.00682940939962e-01
2.57282596744793e+00 1.00717220671776e-01
2.59665597293487e+00 1.00751661601804e-01
2.62070669648385e+00 1.00785796422630e-01
2.64498018242772e+00 1.00820085143742e-01
2.66947849403432e+00 1.00854368609740e-01
2.69420371368188e+00 1.00888735655236e-01
2.71915794303602e+00 1.00923108178846e-01
2.74434330322837e+00 1.00957411666496e-01
2.76976193503689e+00 1.00991788123304e-01
2.79541599906786e+00 1.01026162965378e-01
2.82130767593947e+00 1.01060458042685e-01
2.84743916646725e+00 1.01094925767989e-01
2.87381269185107e+00 1.01129068546973e-01
2.90043049386399e+00 1.01163380271041e-01
2.92729483504282e+00 1.01197687040086e-01
2.95440799888038e+00 1.01232323270272e-01
2.98177229001967e+00 1.01266313684973e-01
3.00939003444972e+00 1.01300954449468e-01
3.03726357970331e+00 1.01335276610412e-01
3.06539529505653e+00 1.01369914600074e-01
3.09378757173014e+00 1.01403913625045e-01
3.12244282309286e+00 1.01438399361108e-01
3.15136348486648e+00 1.01472723425819e-01
3.18055201533292e+00 1.01507213638177e-01
3.21001089554317e+00 1.01541391739334e-01
3.23974262952820e+00 1.01575879975291e-01
3.26974974451177e+00 1.01610370265313e-01
3.30003479112529e+00 1.01644548665617e-01
3.33060034362459e+00 1.01679050595970e-01
3.36144900010876e+00 1.01713397591843e-01
3.39258338274099e+00 1.01747740216611e-01
3.42400613797143e+00 1.01782085247408e-01
3.45571993676214e+00 1.01816432708061e-01
3.48772747481418e+00 1.01850946867662e-01
3.52003147279668e+00 1.01885305900369e-01
3.55263467657814e+00 1.01919654185765e-01
3.58553985745982e+00 1.01954195586044e-01
3.61874981241128e+00 1.01988706795485e-01
3.65226736430818e+00 1.02022740555511e-01
3.68609536217216e+00 1.02057118344154e-01
3.72023668141307e+00 1.02091821579984e-01
3.75469422407334e+00 1.02126179000795e-01
3.78947091907467e+00 1.02160387340339e-01
3.82456972246700e+00 1.02194762875944e-01
3.85999361767977e+00 1.02229470317950e-01
3.89574561577550e+00 1.02264199812595e-01
3.93182875570577e+00 1.02298247708687e-01
3.96824610456948e+00 1.02332640302548e-01
4.00500075787361e+00 1.02367016922643e-01
4.04209583979631e+00 1.02401592372274e-01
4.07953450345245e+00 1.02435987049642e-01
4.11731993116168e+00 1.02470219459821e-01
4.15545533471888e+00 1.02504619740896e-01
4.19394395566719e+00 1.02539188036613e-01
4.23278906557355e+00 1.02573588035442e-01
4.27199396630678e+00 1.02608174214135e-01
4.31156199031823e+00 1.02642567866637e-01
4.35149650092505e+00 1.02676994919172e-01
4.39180089259609e+00 1.02711583938070e-01
4.43247859124040e+00 1.02746004717777e-01
4.47353305449846e+00 1.02780422520261e-01
4.51496777203610e+00 1.02815020609532e-01
4.55678626584106e+00 1.02849456397106e-01
4.59899209052244e+00 1.02883895112737e-01
4.64158883361278e+00 1.02918319402062e-01
4.68458011587304e+00 1.02952929833853e-01
4.72796959160039e+00 1.02987217948129e-01
4.77176094893875e+00 1.03021663218938e-01
4.81595791019235e+00 1.03056443101029e-01
4.86056423214213e+00 1.03090568793406e-01
4.90558370636505e+00 1.03125178267753e-01
4.95102015955635e+00 1.03159802109300e-01
4.99687745385488e+00 1.03194108799127e-01
5.04315948717136e+00 1.03228905198798e-01
5.08987019351968e+00 1.03263538986028e-01
5.13701354335134e+00 1.03298006119880e-01
5.18459354389291e+00 1.03332318824000e-01
5.23261423948666e+00 1.03367139738210e-01
5.28107971193433e+00 1.03401283328047e-01
5.32999408084409e+00 1.03435939465390e-01
5.37936150398070e+00 1.03470582741871e-01
5.42918617761894e+00 1.03504924142142e-01
5.47947233690029e+00 1.03539751622638e-01
5.53022425619290e+00 1.03573912025113e-01
5.58144624945496e+00 1.03609084464050e-01
5.63314267060136e+00 1.03642919118019e-01
5.68531791387375e+00 1.03677599615551e-01
5.73797641421413e+00 1.03712117117388e-01
5.79112264764176e+00 1.03746966235634e-01
5.84476113163363e+00 1.03781470126529e-01
5.89889642550850e+00 1.03816003868980e-01
5.95353313081437e+00 1.03850530712772e-01
6.00867589171969e+00 1.03884722704401e-01
6.06432939540806e+00 1.03919610353586e-01
6.12049837247670e+00 1.03954305015568e-01
6.17718759733849e+00 1.03989185203716e-01
6.23440188862786e+00 1.04023902421423e-01
6.29214610961034e+00 1.04058279649538e-01
6.35042516859596e+00 1.04092994201062e-01
6.40924401935645e+00 1.04127074110308e-01
6.46860766154633e+00 1.04162131310413e-01
6.52852114112785e+00 1.04196857803245e-01
6.58898955079995e+00 1.04231263626124e-01
6.65001803043112e+00 1.04265338065911e-01
6.71161176749628e+00 1.04300736214919e-01
6.77377599751775e+00 1.04335488108275e-01
6.83651600451024e+00 1.04369239893987e-01
6.89983712143002e+00 1.04403999484375e-01
6.96374473062822e+00 1.04438744778816e-01
7.02824426430835e+00 1.04473521725910e-01
7.09334120498800e+00 1.04508284323133e-01
7.15904108596489e+00 1.04542389519691e-01
7.22534949178721e+00 1.04577169269232e-01
7.29227205872831e+00 1.04611608745126e-01
7.35981447526576e+00 1.04647067987859e-01
7.42798248256492e+00 1.04681533268216e-01
7.49678187496688e+00 1.04716301554091e-01
7.56621850048105e+00 1.04750768333612e-01
7.63629826128224e+00 1.04785908904597e-01
7.70702711421230e+00 1.04820054489883e-01
7.77841107128649e+00 1.04855212252146e-01
7.85045620020451e+00 1.04889676736631e-01
7.92316862486625e+00 1.04924153690318e-01
7.99655452589235e+00 1.04958971421291e-01
8.07062014114950e+00 1.04993793376172e-01
8.14537176628074e+00 1.05028291704557e-01
8.22081575524054e+00 1.05063122502126e-01
8.29695852083491e+00 1.05097307886768e-01
8.37380653526649e+00 1.05132469026070e-01
8.45136633068471e+00 1.05167337209168e-01
8.52964449974102e+00 1.05201503866895e-01
8.60864769614924e+00 1.05236364973186e-01
8.68838263525118e+00 1.05271222840582e-01
8.76885609458743e+00 1.05306100692824e-01
8.85007491447344e+00 1.05341283981066e-01
8.93204599858097e+00 1.05375501702635e-01
9.01477631452492e+00 1.05410054807486e-01
9.09827289445556e+00 1.05445266325214e-01
9.18254283565628e+00 1.05480135583865e-01
9.26759330114688e+00 1.05515032598731e-01
9.35343152029239e+00 1.05549711862411e-01
9.44006478941760e+00 1.05583851107791e-01
9.52750047242729e+00 1.05618762537266e-01
9.61574600143210e+00 1.05653664932064e-01
9.70480887738031e+00 1.05688253790366e-01
9.79469667069540e+00 1.05723172826387e-01
9.88541702191957e+00 1.05757418126567e-01
9.97697764236320e+00 1.05792699135706e-01
1.00693863147603e+01 1.05827732184452e-01
1.01626508939300e+01 1.05862910318631e-01
1.02567793074442e+01 1.05897187618244e-01
1.03517795563018e+01 1.05932438857019e-01
1.04476597156080e+01 1.05966761407750e-01
1.05444279352617e+01 1.06002340744504e-01
1.06420924406472e+01 1.06036682946645e-01
1.07406615333343e+01 1.06071651119647e-01
1.08401435917833e+01 1.06106296137653e-01
1.09405470720574e+01 1.06141268513587e-01
1.10418805085416e+01 1.06175917305596e-01
1.11441525146679e+01 1.06210993425045e-01
1.12473717836475e+01 1.06245905145671e-01
1.13515470892100e+01 1.06279881109609e-01
1.14566872863487e+01 1.06315231586560e-01
1.15628013120738e+01 1.06350246181105e-01
1.16698981861715e+01 1.06385891161941e-01
1.17779870119712e+01 1.06419944009054e-01
1.18870769771190e+01 1.06455320889624e-01
1.19971773543588e+01 1.06490004063542e-01
1.21082975023204e+01 1.06524634427772e-01
1.22204468663149e+01 1.06559762767864e-01
1.23336349791378e+01 1.06594794446501e-01
1.24478714618791e+01 1.06629751704883e-01
1.25631660247412e+01 1.06664912385090e-01
1.26795284678643e+01 1.06698942454473e-01
1.27969686821594e+01 1.06734316671362e-01
1.29154966501488e+01 1.06769439405985e-01
1.30351224468151e+01 1.06804170326898e-01
1.31558562404570e+01 1.06839948956106e-01
1.32777082935543e+01 1.06874017748211e-01
1.34006889636395e+01 1.06909212380870e-01
1.35248087041788e+01 1.06944903627973e-01
1.36500780654601e+01 1.06978983387126e-01
1.37765076954905e+01 1.07013743461117e-01
1.39041083409007e+01 1.07049212217226e-01
1.40328908478587e+01 1.07084289183924e-01
1.41628661629920e+01 1.07119462991575e-01
1.42940453343176e+01 1.07153578889162e-01
1.44264395121816e+01 1.07189195631878e-01
1.45600599502065e+01 1.07223849928071e-01
1.46949180062482e+01 1.07259367216002e-01
1.48310251433610e+01 1.07294165163117e-01
1.49683929307726e+01 1.07329686242340e-01
1.51070330448665e+01 1.07364999982254e-01
1.52469572701757e+01 1.07399327529842e-01
1.53881775003835e+01 1.07434216199447e-01
1.55307057393346e+01 1.07469711019221e-01
1.56745541020560e+01 1.07504496645008e-01
1.58197348157860e+01 1.07540728519093e-01
1.59662602210143e+01 1.07575111891629e-01
1.61141427725302e+01 1.07610549826722e-01
1.62633950404819e+01 1.07644640245275e-01
1.64140297114447e+01 1.07680258530124e-01
1.65660595894991e+01 1.07714457364332e-01
1.67194975973199e+01 1.07750045381952e-01
1.68743567772738e+01 1.07784930238928e-01
1.70306502925284e+01 1.07820739154442e-01
1.71883914281715e+01 1.07855381271089e-01
1.73475935923393e+01 1.07891039944173e-01
1.75082703173573e+01 1.07925952369977e-01
1.76704352608895e+01 1.07961527622142e-01
1.78341022071001e+01 1.07996458388143e-01
1.79992850678248e+01 1.08031586460238e-01
1.81659978837533e+01 1.08067466675279e-01
1.83342548256229e+01 1.08101786893511e-01
1.85040701954230e+01 1.08136282869805e-01
1.86754584276108e+01 1.08172251919524e-01
1.88484340903380e+01 1.08206902958269e-01
1.90230118866894e+01 1.08241171968159e-01
1.91992066559328e+01 1.08278215058278e-01
1.93770333747799e+01 1.08313643610352e-01
1.95565071586595e+01 1.08348210015083e-01
1.97376432630026e+01 1.08383217791345e-01
1.99204570845387e+01 1.08418920068417e-01
2.01049641626050e+01 1.08452511963238e-01
2.02911801804668e+01 1.08488244497960e-01
2.04791209666509e+01 1.08523958094540e-01
2.06688024962908e+01 1.08558993336860e-01
2.08602408924850e+01 1.08594719699860e-01
2.10534524276671e+01 1.08630392380896e-01
2.12484535249888e+01 1.08664813592389e-01
2.14452607597167e+01 1.08700566376034e-01
2.16438908606402e+01 1.08734936300939e-01
2.18443607114943e+01 1.08771169167239e-01
2.20466873523941e+01 1.08806466261888e-01
2.22508879812837e+01 1.08841586804679e-01
2.24569799553977e+01 1.08876628449902e-01
2.26649807927369e+01 1.08911717862471e-01
2.28749081735570e+01 1.08947146395966e-01
2.30867799418717e+01 1.08982650585134e-01
2.33006141069692e+01 1.09018596220008e-01
2.35164288449435e+01 1.09053558864278e-01
2.37342425002387e+01 1.09088682279309e-01
2.39540735872088e+01 1.09123869123324e-01
2.41759407916913e+01 1.09160357102923e-01
2.43998629725955e+01 1.09194798424445e-01
2.46258591635055e+01 1.09230657571137e-01
2.48539485742980e+01 1.09265687474017e-01
2.50841505927754e+01 1.09301686554038e-01
2.53164847863136e+01 1.09336716704266e-01
2.55509709035251e+01 1.09371835464857e-01
2.57876288759380e+01 1.09407920858156e-01
2.60264788196900e+01 1.09443116740404e-01
2.62675410372384e+01 1.09477112022125e-01
2.65108360190854e+01 1.09514222816380e-01
2.67563844455205e+01 1.09549431403809e-01
2.70042071883777e+01 1.09585355634605e-01
2.72543253128103e+01 1.09620785250827e-01
2.75067600790806e+01 1.09656611926523e-01
2.77615329443680e+01 1.09690351274064e-01
2.80186655645920e+01 1.09726302991408e-01
2.82781797962534e+01 1.09762267977636e-01
2.85400976982924e+01 1.09797534577513e-01
2.88044415339630e+01 1.09833373312977e-01
2.90712337727258e+01 1.09867651201247e-01
2.93404970921579e+01 1.09902629901545e-01
2.96122543798803e+01 1.09937918854705e-01
2.98865287355038e+01 1.09974665170560e-01
3.01633434725920e+01 1.10009927147245e-01
3.04427221206430e+01 1.10045947743662e-01
3.07246884270900e+01 1.10080575250460e-01
3.10092663593193e+01 1.10117324203516e-01
3.12964801067075e+01 1.10152746090315e-01
3.15863540826782e+01 1.10188000748286e-01
3.18789129267765e+01 1.10223333521312e-01
3.21741815067637e+01 1.10258670159664e-01
3.24721849207313e+01 1.10295389066983e-01
3.27729484992338e+01 1.10329397301123e-01
3.30764978074424e+01 1.10366277041559e-01
3.33828586473176e+01 1.10401486946242e-01
3.36920570598027e+01 1.10438434628296e-01
3.40041193270371e+01 1.10472960504425e-01
3.43190719745904e+01 1.10509225007136e-01
3.46369417737173e+01 1.10544620001653e-01
3.49577557436328e+01 1.10580041133822e-01
3.52815411538088e+01 1.10615468931370e-01
3.56083255262928e+01 1.10650586196706e-01
3.59381366380463e+01 1.10686368768814e-01
3.62710025233065e+01 1.10722770278919e-01
3.66069514759690e+01 1.10757256758655e-01
3.69460120519930e+01 1.10793969610218e-01
3.72882130718283e+01 1.10829615486065e-01
3.76335836228653e+01 1.10865098203917e-01
3.79821530619074e+01 1.10899256172206e-01
3.83339510176660e+01 1.10936024535220e-01
3.86890073932798e+01 1.10973031116878e-01
3.90473523688556e+01 1.11007045412964e-01
3.94090164040345e+01 1.11044014172486e-01
3.97740302405804e+01 1.11079562383054e-01
4.01424249049932e+01 1.11116396782942e-01
4.05142317111465e+01 1.11150695445837e-01
4.08894822629486e+01 1.11186082855650e-01
4.12682084570295e+01 1.11224547364240e-01
4.16504424854518e+01 1.11258914558005e-01
4.20362168384471e+01 1.11295041145824e-01
4.24255643071778e+01 1.11329927691650e-01
4.28185179865241e+01 1.11365518950436e-01
4.32151112778976e+01 1.11402374665996e-01
4.36153778920801e+01 1.11436627911027e-01
4.40193518520887e+01 1.11472337092580e-01
4.44270674960688e+01 1.11507928378955e-01
4.48385594802119e+01 1.11544489690416e-01
4.52538627817017e+01 1.11579164757356e-01
4.56730127016875e+01 1.11616200532559e-01
4.60960448682843e+01 1.11651633731791e-01
4.65229952396019e+01 1.11689083000111e-01
4.69539001068006e+01 1.11724647526887e-01
4.73887960971765e+01 1.11761937630033e-01
4.78277201772749e+01 1.11797380326258e-01
4.82707096560318e+01 1.11833207197377e-01
4.87178021879463e+01 1.11868769267493e-01
4.91690357762803e+01 1.11905228064996e-01
4.96244487762891e+01 1.11940645377483e-01
5.00840798984821e+01 1.11975456880786e-01
5.05479682119124e+01 1.12012177515075e-01
5.10161531474983e+01 1.12046080822631e-01
5.14886745013749e+01 1.12084732053426e-01
5.19655724382766e+01 1.12120495899152e-01
5.24468874949512e+01 1.12154753856747e-01
5.29326605836056e+01 1.12192985491936e-01
5.34229329953835e+01 1.12227748758954e-01
5.39177464038750e+01 1.12262640150212e-01
5.44171428686589e+01 1.12296516512162e-01
5.49211648388779e+01 1.12335565374905e-01
5.54298551568467e+01 1.12371819374848e-01
5.59432570616938e+01 1.12408697843036e-01
5.64614141930367e+01 1.12442720586863e-01
5.69843705946914e+01 1.12480806014560e-01
5.75121707184161e+01 1.12517184719699e-01
5.80448594276898e+01 1.12551718691227e-01
5.85824820015254e+01 1.12589416634594e-01
5.91250841383188e+01 1.12624905238107e-01
5.96727119597332e+01 1.12660570347745e-01
6.02254120146193e+01 1.12696783073767e-01
6.07832312829723e+01 1.12734442273436e-01
6.13462171799251e+01 1.12770510294601e-01
6.19144175597784e+01 1.12804430134235e-01
6.24878807200689e+01 1.12842283496462e-01
6.30666554056741e+01 1.12877662864903e-01
6.36507908129557e+01 1.12913569886978e-01
6.42403365939419e+01 1.12950596142136e-01
6.48353428605472e+01 1.12985900544957e-01
6.54358601888324e+01 1.13022903031859e-01
6.60419396233031e+01 1.13059591474239e-01
6.66536326812491e+01 1.13096679192529e-01
6.72709913571234e+01 1.13130962375714e-01
6.78940681269611e+01 1.13168511902032e-01
6.85229159528406e+01 1.13200930757502e-01
6.91575882873853e+01 1.13240013626317e-01
6.97981390783066e+01 1.13276102524248e-01
7.04446227729904e+01 1.13312034108584e-01
7.10970943231243e+01 1.13350928232952e-01
7.17556091893693e+01 1.13385156168295e-01
7.24202233460732e+01 1.13421953136939e-01
7.30909932860291e+01 1.13458625010116e-01
7.37679760252773e+01 1.13495180629127e-01
7.44512291079513e+01 1.13531632908296e-01
7.51408106111697e+01 1.13563673232040e-01
7.58367791499719e+01 1.13601275586379e-01
7.65391938823015e+01 1.13639767049596e-01
7.72481145140340e+01 1.13677311083148e-01
7.79636013040523e+01 1.13711018924290e-01
7.86857150693685e+01 1.13748821453080e-01
7.94145171902934e+01 1.13784505111003e-01
8.01500696156540e+01 1.13822820013885e-01
8.08924348680594e+01 1.13859667955756e-01
8.16416760492146e+01 1.13894035308925e-01
8.23978568452852e+01 1.13932112617074e-01
8.31610415323096e+01 1.13967996960318e-01
8.39312949816636e+01 1.14004196424096e-01
8.47086826655740e+01 1.14040010077699e-01
8.54932706626838e+01 1.14076099393568e-01
8.62851256636689e+01 1.14114525478207e-01
8.70843149769072e+01 1.14149754665188e-01
8.78909065341995e+01 1.14186326582293e-01
8.87049688965440e+01 1.14223986281642e-01
8.95265712599639e+01 1.14259989730281e-01
9.03557834613893e+01 1.14294916096972e-01
9.11926759845930e+01 1.14334407668468e-01
9.20373199661822e+01 1.14370425864667e-01
9.28897872016450e+01 1.14405978257707e-01
9.37501501514529e+01 1.14440328991637e-01
9.46184819472200e+01 1.14479430121504e-01
9.54948563979197e+01 1.14515980304768e-01
9.63793479961579e+01 1.14554377067154e-01
9.72720319245054e+01 1.14587066437726e-01
9.81729840618884e+01 1.14626520354906e-01
9.90822809900380e+01 1.14664389515086e-01
1.00000000000000e+02 1.14696551659644e-01
