1.00000000000000e-02 8.85806046517696e-02
1.00926219098705e-02 8.86033819063301e-02
1.01861017015598e-02 8.86261555657760e-02
1.02804473209331e-02 8.86489229836163e-02
1.03756667874519e-02 8.86716833198096e-02
1.04717681948552e-02 8.86944392055721e-02
1.05687597118480e-02 8.87171902234742e-02
1.06666495827954e-02 8.87399346281094e-02
1.07654461284232e-02 8.87626746246039e-02
1.08651577465254e-02 8.87854084777917e-02
1.09657929126781e-02 8.88081361993663e-02
1.10673601809597e-02 8.88308591239213e-02
1.11698681846782e-02 8.88535772488810e-02
1.12733256371049e-02 8.88762888520943e-02
1.13777413322149e-02 8.88989961277037e-02
1.14831241454351e-02 8.89216973356804e-02
1.15894830343981e-02 8.89443929372583e-02
1.16968270397039e-02 8.89670829420156e-02
1.18051652856880e-02 8.89897686736628e-02
1.19145069811978e-02 8.90124479579640e-02
1.20248614203741e-02 8.90351230025288e-02
1.21362379834424e-02 8.90577924960709e-02
1.22486461375093e-02 8.90804564659811e-02
1.23620954373677e-02 8.91031144836420e-02
1.24765955263087e-02 8.91257669935037e-02
1.25921561369415e-02 8.91484148875430e-02
1.27087870920206e-02 8.91710568704378e-02
1.28264983052806e-02 8.91932800499017e-02
1.29452997822792e-02 8.92159150465810e-02
1.30652016212472e-02 8.92385446079363e-02
1.31862140139475e-02 8.92611692288472e-02
1.33083472465408e-02 8.92837891666474e-02
1.34316117004602e-02 8.93064038551375e-02
1.35560178532937e-02 8.93290126732408e-02
1.36815762796747e-02 8.93516170938330e-02
1.38082976521809e-02 8.93742164455737e-02
1.39361927422414e-02 8.93968100160362e-02
1.40652724210524e-02 8.94193992783974e-02
1.41955476605010e-02 8.94419827872480e-02
1.43270295340983e-02 8.94645609442684e-02
1.44597292179202e-02 8.94871357453376e-02
1.45936579915576e-02 8.95097042582469e-02
1.47288272390750e-02 8.95322679437670e-02
1.48652484499786e-02 8.95548255545637e-02
1.50029332201922e-02 8.95773803020710e-02
1.51418932530435e-02 8.95999290504481e-02
1.52821403602587e-02 8.96224730756971e-02
1.54236864629663e-02 8.96450123398930e-02
1.55665435927106e-02 8.96675468597676e-02
1.57107238924745e-02 8.96900755707762e-02
1.58562396177114e-02 8.97125997627923e-02
1.60031031373870e-02 8.97351192460858e-02
1.61513269350309e-02 8.97576339384011e-02
1.63009236097974e-02 8.97801433779747e-02
1.64519058775366e-02 8.98026494914867e-02
1.66042865718753e-02 8.98251494091763e-02
1.67580786453077e-02 8.98476439160000e-02
1.69132951702965e-02 8.98701352362208e-02
1.70699493403841e-02 8.98926196297021e-02
1.72280544713139e-02 8.99151011654866e-02
1.73876240021625e-02 8.99375777106498e-02
1.75486714964815e-02 8.99600499819582e-02
1.77112106434509e-02 8.99825160552367e-02
1.78752552590424e-02 9.00049783482317e-02
1.80408192871938e-02 9.00274362080244e-02
1.82079168009946e-02 9.00498885738262e-02
1.83765620038817e-02 9.00723371024078e-02
1.85467692308470e-02 9.00947805673152e-02
1.87185529496558e-02 9.01172211907026e-02
1.88919277620767e-02 9.01396553004450e-02
1.90669084051225e-02 9.01620844912492e-02
1.92435097523033e-02 9.01845092399722e-02
1.94217468148903e-02 9.02069302277426e-02
1.96016347431919e-02 9.02293474652380e-02
1.97831888278416e-02 9.02517573302766e-02
1.99664245010979e-02 9.02741653142022e-02
2.01513573381556e-02 9.02965679493780e-02
2.03380030584698e-02 9.03189661227263e-02
2.05263775270925e-02 9.03413584116634e-02
2.07164967560207e-02 9.03637487666979e-02
2.09083769055575e-02 9.03861339301356e-02
2.11020342856860e-02 9.04085132528072e-02
2.12974853574552e-02 9.04308897067558e-02
2.14947467343798e-02 9.04532612132405e-02
2.16938351838518e-02 9.04756293180412e-02
2.18947676285662e-02 9.04979916325941e-02
2.20975611479590e-02 9.05203494008035e-02
2.23022329796594e-02 9.05427039054692e-02
2.25088005209546e-02 9.05650539899849e-02
2.27172813302691e-02 9.05873994080742e-02
2.29276931286565e-02 9.06097413003382e-02
2.31400538013065e-02 9.06320770771193e-02
2.33543813990648e-02 9.06544097583472e-02
2.35706941399673e-02 9.06767390505265e-02
2.37890104107889e-02 9.06990625767690e-02
2.40093487686065e-02 9.07213813161575e-02
2.42317279423760e-02 9.07436966040239e-02
2.44561668345245e-02 9.07660092166597e-02
2.46826845225569e-02 9.07883173891076e-02
2.49113002606779e-02 9.08106187931300e-02
2.51420334814280e-02 9.08329186262516e-02
2.53749037973357e-02 9.08552149731400e-02
2.56099310025846e-02 9.08775033735676e-02
2.58471350746956e-02 9.08997894809126e-02
2.60865361762255e-02 9.09220713798643e-02
2.63281546564802e-02 9.09443518735625e-02
2.65720110532451e-02 9.09666258975342e-02
2.68181260945302e-02 9.09888967156137e-02
2.70665207003324e-02 9.10111628172957e-02
2.73172159844138e-02 9.10334247716673e-02
2.75702332560958e-02 9.10556823447242e-02
2.78255940220712e-02 9.10779352445709e-02
2.80833199882317e-02 9.11001863163823e-02
2.83434330615131e-02 9.11224313213841e-02
2.86059553517574e-02 9.11446746290416e-02
2.88709091735924e-02 9.11669131100486e-02
2.91383170483279e-02 9.11891443483878e-02
2.94082017058706e-02 9.12113767629673e-02
2.96805860866560e-02 9.12336024203940e-02
2.99554933435981e-02 9.12558265441780e-02
3.02329468440578e-02 9.12780444899066e-02
3.05129701718287e-02 9.13002602715536e-02
3.07955871291423e-02 9.13224702098676e-02
3.10808217386906e-02 9.13446773979451e-02
3.13686982456688e-02 9.13668802859032e-02
3.16592411198352e-02 9.13890805092684e-02
3.19524750575921e-02 9.14112750867091e-02
3.22484249840844e-02 9.14334659605167e-02
3.25471160553185e-02 9.14556565822182e-02
3.28485736603004e-02 9.14778413938534e-02
3.31528234231942e-02 9.15000227440283e-02
3.34598912054997e-02 9.15221958942197e-02
3.37698031082509e-02 9.15443716709144e-02
3.40825854742345e-02 9.15665392755498e-02
3.43982648902292e-02 9.15887058868481e-02
3.47168681892656e-02 9.16108691011457e-02
3.50384224529067e-02 9.16330261087727e-02
3.53629550135504e-02 9.16551800332549e-02
3.56904934567523e-02 9.16773327286407e-02
3.60210656235707e-02 9.16994790524314e-02
3.63546996129332e-02 9.17216272773666e-02
3.66914237840249e-02 9.17437663381367e-02
3.70312667586993e-02 9.17659016876938e-02
3.73742574239106e-02 9.17880346432195e-02
3.77204249341700e-02 9.18101645237825e-02
3.80697987140229e-02 9.18322898328669e-02
3.84224084605506e-02 9.18544125818152e-02
3.87782841458946e-02 9.18765336024843e-02
3.91374560198038e-02 9.18986464546113e-02
3.94999546122064e-02 9.19207593207887e-02
3.98658107358044e-02 9.19428698818365e-02
4.02350554886929e-02 9.19649725218706e-02
4.06077202570037e-02 9.19870745976841e-02
4.09838367175726e-02 9.20091722076066e-02
4.13634368406327e-02 9.20312683851338e-02
4.17465528925314e-02 9.20533601956738e-02
4.21332174384729e-02 9.20754475838743e-02
4.25234633452868e-02 9.20975333703243e-02
4.29173237842216e-02 9.21196141433592e-02
4.33148322337640e-02 9.21416933411483e-02
4.37160224824850e-02 9.21637660452918e-02
4.41209286319119e-02 9.21858385037577e-02
4.45295850994266e-02 9.22079062064122e-02
4.49420266211914e-02 9.22299723837513e-02
4.53582882551019e-02 9.22520334248552e-02
4.57784053837662e-02 9.22740901587964e-02
4.62024137175131e-02 9.22961465046250e-02
4.66303492974273e-02 9.23181998707021e-02
4.70622484984128e-02 9.23402451408721e-02
4.74981480322850e-02 9.23622921810263e-02
4.79380849508911e-02 9.23843343650274e-02
4.83820966492596e-02 9.24063732154291e-02
4.88302208687788e-02 9.24284076473735e-02
4.92824957004051e-02 9.24504419837409e-02
4.97389595879006e-02 9.24724732270216e-02
5.01996513311008e-02 9.24944998870303e-02
5.06646100892127e-02 9.25165206785172e-02
5.11338753841433e-02 9.25385425189466e-02
5.16074871038591e-02 9.25605596110574e-02
5.20854855057766e-02 9.25825742890564e-02
5.25679112201842e-02 9.26045840422407e-02
5.30548052536957e-02 9.26265892922700e-02
5.35462089927361e-02 9.26485960627608e-02
5.40421642070592e-02 9.26705957590353e-02
5.45427130532983e-02 9.26925982977184e-02
5.50478980785497e-02 9.27145916759032e-02
5.55577622239888e-02 9.27365868300511e-02
5.60723488285203e-02 9.27585760554062e-02
5.65917016324624e-02 9.27805651711534e-02
5.71158647812643e-02 9.28025496826204e-02
5.76448828292588e-02 9.28245302172117e-02
5.81788007434494e-02 9.28465046767174e-02
5.87176639073326e-02 9.28684794839786e-02
5.92615181247555e-02 9.28904529478983e-02
5.98104096238094e-02 9.29124216699714e-02
6.03643850607587e-02 9.29343909846047e-02
6.09234915240071e-02 9.29563512869816e-02
6.14877765381002e-02 9.29783135015707e-02
6.20572880677650e-02 9.30002727304030e-02
6.26320745219869e-02 9.30222261955019e-02
6.32121847581245e-02 9.30441812009525e-02
6.37976680860628e-02 9.30661278751237e-02
6.43885742724042e-02 9.30880746163954e-02
6.49849535446989e-02 9.31100201430260e-02
6.55868565957143e-02 9.31319616725779e-02
6.61943345877439e-02 9.31539001056887e-02
6.68074391569562e-02 9.31758362703868e-02
6.74262224177834e-02 9.31977695665137e-02
6.80507369673521e-02 9.32196998066824e-02
6.86810358899530e-02 9.32416312212404e-02
6.93171727615541e-02 9.32635566088655e-02
6.99592016543538e-02 9.32854759821064e-02
7.06071771413777e-02 9.33073965677403e-02
7.12611543011175e-02 9.33293141611357e-02
7.19211887222119e-02 9.33512291841840e-02
7.25873365081725e-02 9.33731416459682e-02
7.32596542821523e-02 9.33950515616143e-02
7.39381991917587e-02 9.34169589459000e-02
7.46230289139111e-02 9.34388608164138e-02
7.53142016597437e-02 9.34607657595277e-02
7.60117761795533e-02 9.34826626288550e-02
7.67158117677930e-02 9.35045596022579e-02
7.74263682681127e-02 9.35264549219454e-02
7.81435060784454e-02 9.35483469737786e-02
7.88672861561415e-02 9.35702339973738e-02
7.95977700231499e-02 9.35921215842302e-02
8.03350197712474e-02 9.36140097452218e-02
8.10790980673169e-02 9.36358895207088e-02
8.18300681586739e-02 9.36577758758857e-02
8.25879938784427e-02 9.36796474892639e-02
8.33529396509819e-02 9.37015227188208e-02
8.41249704973612e-02 9.37233934168150e-02
8.49041520408875e-02 9.37452673512419e-02
8.56905505126835e-02 9.37671326111890e-02
8.64842327573172e-02 9.37889963119341e-02
8.72852662384838e-02 9.38108610978963e-02
8.80937190447399e-02 9.38327231772639e-02
8.89096598952916e-02 9.38545825712624e-02
8.97331581458352e-02 9.38764396923179e-02
9.05642837944529e-02 9.38982949619487e-02
9.14031074875623e-02 9.39201445926607e-02
9.22497005259217e-02 9.39419953859249e-02
9.31041348706907e-02 9.39638409724837e-02
9.39664831495469e-02 9.39856869327588e-02
9.48368186628592e-02 9.40075340927699e-02
9.57152153899187e-02 9.40293701124572e-02
9.66017479952265e-02 9.40512065470493e-02
9.74964918348409e-02 9.40730467992745e-02
9.83995229627823e-02 9.40948793432902e-02
9.93109181374980e-02 9.41167123406141e-02
1.00230754828387e-01 9.41385410435551e-02
1.01159111222383e-01 9.41603702262163e-02
1.02096066230605e-01 9.41821969144546e-02
1.03041699495059e-01 9.42040223329221e-02
1.03996091395412e-01 9.42258414941167e-02
1.04959323055823e-01 9.42476594114509e-02
1.05931476351837e-01 9.42694816614563e-02
1.06912633917348e-01 9.42912917251228e-02
1.07902879151618e-01 9.43131095373932e-02
1.08902296226373e-01 9.43349189794057e-02
1.09910970092950e-01 9.43567294177276e-02
1.10928986489522e-01 9.43785323201156e-02
1.11956431948388e-01 9.44003400316808e-02
1.12993393803322e-01 9.44221471744069e-02
1.14039960197003e-01 9.44439438336957e-02
1.15096220088503e-01 9.44657407559451e-02
1.16162263260850e-01 9.44875437387582e-02
1.17238180328660e-01 9.45093372592803e-02
1.18324062745838e-01 9.45311330821040e-02
1.19420002813353e-01 9.45529232520008e-02
1.20526093687084e-01 9.45747171322533e-02
1.21642429385737e-01 9.45965018213209e-02
1.22769104798836e-01 9.46182912312368e-02
1.23906215694792e-01 9.46400756527021e-02
1.25053858729039e-01 9.46618558766464e-02
1.26212131452255e-01 9.46836388881474e-02
1.27381132318648e-01 9.47054197234078e-02
1.28560960694330e-01 9.47271860689512e-02
1.29751716865759e-01 9.47489659700456e-02
1.30953502048267e-01 9.47707397642580e-02
1.32166418394661e-01 9.47925094406379e-02
1.33390569003906e-01 9.48142811841206e-02
1.34626057929891e-01 9.48360456636575e-02
1.35872990190271e-01 9.48578233625551e-02
1.37131471775394e-01 9.48795811011666e-02
1.38401609657313e-01 9.49013491076137e-02
1.39683511798874e-01 9.49231124846355e-02
1.40977287162897e-01 9.49448652831342e-02
1.42283045721435e-01 9.49666291790567e-02
1.43600898465126e-01 9.49883779541557e-02
1.44930957412622e-01 9.50101378564253e-02
1.46273335620113e-01 9.50318910035508e-02
1.47628147190939e-01 9.50536417903136e-02
1.48995507285285e-01 9.50753918137647e-02
1.50375532129974e-01 9.50971454619367e-02
1.51768339028341e-01 9.51188916204718e-02
1.53174046370208e-01 9.51406354743402e-02
1.54592773641948e-01 9.51628877511659e-02
1.56024641436637e-01 9.51845426681047e-02
1.57469771464309e-01 9.52055954217505e-02
1.58928286562298e-01 9.52276058853094e-02
1.60400310705682e-01 9.52493439331919e-02
1.61885969017820e-01 9.52710797507868e-02
1.63385387780986e-01 9.52928193127580e-02
1.64898694447107e-01 9.53145479091100e-02
1.66426017648590e-01 9.53362787055763e-02
1.67967487209265e-01 9.53580089033742e-02
1.69523234155412e-01 9.53797444757839e-02
1.71093390726901e-01 9.54014711533396e-02
1.72678090388436e-01 9.54231920946534e-02
1.74277467840892e-01 9.54449236272196e-02
1.75891659032773e-01 9.54666463098560e-02
1.77520801171763e-01 9.54883744301593e-02
1.79165032736390e-01 9.55100952953580e-02
1.80824493487795e-01 9.55318148795918e-02
1.82499324481615e-01 9.55535331952921e-02
1.84189668079971e-01 9.55752510392237e-02
1.85895667963569e-01 9.55969668603068e-02
1.87617469143912e-01 9.56186881982077e-02
1.89355217975630e-01 9.56403956104271e-02
1.91109062168914e-01 9.56621010433396e-02
1.92879150802078e-01 9.56838247367021e-02
1.94665634334226e-01 9.57055278069473e-02
1.96468664618045e-01 9.57272424196816e-02
1.98288394912707e-01 9.57489514739907e-02
2.00124979896904e-01 9.57706562850625e-02
2.01978575681988e-01 9.57923674913446e-02
2.03849339825246e-01 9.58140664334152e-02
2.05737431343291e-01 9.58357754338629e-02
2.07643010725577e-01 9.58574766101746e-02
2.09566239948043e-01 9.58791678791719e-02
2.11507282486879e-01 9.59008601925570e-02
2.13466303332424e-01 9.59225768704437e-02
2.15443469003188e-01 9.59442873253978e-02
2.17438947560008e-01 9.59659713523599e-02
2.19452908620331e-01 9.59876738191082e-02
2.21485523372636e-01 9.60093618166134e-02
2.23536964590980e-01 9.60310496081367e-02
2.25607406649686e-01 9.60527483690994e-02
2.27697025538168e-01 9.60744461788009e-02
2.29805998875885e-01 9.60961207122158e-02
2.31934505927443e-01 9.61178278300887e-02
2.34082727617829e-01 9.61395101596242e-02
2.36250846547795e-01 9.61611998600959e-02
2.38439047009372e-01 9.61828931101103e-02
2.40647515001542e-01 9.62045727827990e-02
2.42876438246045e-01 9.62262650676502e-02
2.45126006203334e-01 9.62479445630519e-02
2.47396410088681e-01 9.62696284333165e-02
2.49687842888433e-01 9.62913159306959e-02
2.52000499376409e-01 9.63129981749248e-02
2.54334576130465e-01 9.63346803875011e-02
2.56690271549195e-01 9.63563610606578e-02
2.59067785868801e-01 9.63780402036962e-02
2.61467321180109e-01 9.63997193565293e-02
2.63889081445751e-01 9.64214119906705e-02
2.66333272517498e-01 9.64430821837872e-02
2.68800102153761e-01 9.64647539350683e-02
2.71289780037247e-01 9.64864354224407e-02
2.73802517792786e-01 9.65081057850368e-02
2.76338529005317e-01 9.65297851571006e-02
2.78898029238044e-01 9.65514541829539e-02
2.81481236050758e-01 9.65731150723242e-02
2.84088369018330e-01 9.65948022522616e-02
2.86719649749377e-01 9.66164775619266e-02
2.89375301905095e-01 9.66381582847381e-02
2.92055551218275e-01 9.66598219441157e-02
2.94760625512486e-01 9.66815044625226e-02
2.97490754721444e-01 9.67031550159348e-02
3.00246170908555e-01 9.67248289454757e-02
3.03027108286640e-01 9.67465083025275e-02
3.05833803237843e-01 9.67681766685649e-02
3.08666494333727e-01 9.67898310584612e-02
3.11525422355549e-01 9.68114969135954e-02
3.14410830314726e-01 9.68331667573652e-02
3.17322963473498e-01 9.68548451089428e-02
3.20262069365765e-01 9.68764990600131e-02
3.23228397818138e-01 9.68981645307159e-02
3.26222200971167e-01 9.69198295654503e-02
3.29243733300777e-01 9.69414926947372e-02
3.32293251639897e-01 9.69631569007305e-02
3.35371015200293e-01 9.69848102138025e-02
3.38477285594598e-01 9.70064990703611e-02
3.41612326858553e-01 9.70281471931129e-02
3.44776405473446e-01 9.70498098934651e-02
3.47969790388769e-01 9.70714737263870e-02
3.51192753045073e-01 9.70931477354594e-02
3.54445567397043e-01 9.71147974631301e-02
3.57728509936787e-01 9.71364708564579e-02
3.61041859717334e-01 9.71581319749865e-02
3.64385898376354e-01 9.71797808293424e-02
3.67760910160103e-01 9.72014519309947e-02
3.71167181947576e-01 9.72231137251372e-02
3.74605003274899e-01 9.72447858090457e-02
3.78074666359935e-01 9.72664442192890e-02
3.81576466127125e-01 9.72880918860017e-02
3.85110700232557e-01 9.73097513497851e-02
3.88677669089267e-01 9.73313986310098e-02
3.92277675892772e-01 9.73530697395793e-02
3.95911026646846e-01 9.73747301448403e-02
3.99578030189527e-01 9.73963889509551e-02
4.03278998219371e-01 9.74180581808774e-02
4.07014245321944e-01 9.74396941811337e-02
4.10784088996565e-01 9.74613631950571e-02
4.14588849683291e-01 9.74830124405124e-02
4.18428850790158e-01 9.75046692831461e-02
4.22304418720667e-01 9.75263515261214e-02
4.26215882901532e-01 9.75479856741784e-02
4.30163575810679e-01 9.75696438052178e-02
4.34147833005509e-01 9.75913004798731e-02
4.38168993151419e-01 9.76129585784646e-02
4.42227398050590e-01 9.76346421511516e-02
4.46323392671039e-01 9.76562853883255e-02
4.50457325175946e-01 9.76779449645040e-02
4.54629546953240e-01 9.76996045805987e-02
4.58840412645476e-01 9.77212642481010e-02
4.63090280179974e-01 9.77429211349464e-02
4.67379510799246e-01 9.77645901371387e-02
4.71708469091702e-01 9.77862245641652e-02
4.76077523022637e-01 9.78079072289053e-02
4.80487043965513e-01 9.78295687818142e-02
4.84937406733524e-01 9.78512141849012e-02
4.89428989611453e-01 9.78728703603738e-02
4.93962174387832e-01 9.78945415686671e-02
4.98537346387389e-01 9.79161995027912e-02
5.03154894503805e-01 9.79378271191068e-02
5.07815211232767e-01 9.79595002942072e-02
5.12518692705333e-01 9.79811694771959e-02
5.17265738721602e-01 9.80028431003783e-02
5.22056752784698e-01 9.80244794037746e-02
5.26892142135067e-01 9.80461493287951e-02
5.31772317785097e-01 9.80678237168368e-02
5.36697694554048e-01 9.80894594213981e-02
5.41668691103315e-01 9.81111237128057e-02
5.46685729972018e-01 9.81327948093251e-02
5.51749237612913e-01 9.81544262972910e-02
5.56859644428641e-01 9.81761194204020e-02
5.62017384808319e-01 9.81977956928001e-02
5.67222897164454e-01 9.82194481846041e-02
5.72476623970218e-01 9.82411238069978e-02
5.77779011797050e-01 9.82627742931545e-02
5.83130511352622e-01 9.82844010185187e-02
5.88531577519145e-01 9.83061020090708e-02
5.93982669392036e-01 9.83277578478691e-02
5.99484250318941e-01 9.83494113751263e-02
6.05036787939122e-01 9.83711016154959e-02
6.10640754223204e-01 9.83927654198223e-02
6.16296625513294e-01 9.84144203463666e-02
6.22004882563471e-01 9.84360892158906e-02
6.27766010580650e-01 9.84577464903986e-02
6.33580499265825e-01 9.84794392187763e-02
6.39448842855694e-01 9.85011297741517e-02
6.45371540164670e-01 9.85228048047080e-02
6.51349094627280e-01 9.85444507613514e-02
6.57382014340959e-01 9.85660918862419e-02
6.63470812109235e-01 9.85877632129662e-02
6.69616005485322e-01 9.86094620514799e-02
6.75818116816111e-01 9.86311076712616e-02
6.82077673286569e-01 9.86527835075880e-02
6.88395206964550e-01 9.86744519534152e-02
6.94771254846024e-01 9.86961559979851e-02
7.01206358900718e-01 9.87178041923994e-02
7.07701066118189e-01 9.87395069013074e-02
7.14255928554313e-01 9.87611591178034e-02
7.20871503378214e-01 9.87828120310414e-02
7.27548352919623e-01 9.88045384731215e-02
7.34287044716676e-01 9.88261928272153e-02
7.41088151564157e-01 9.88478748331908e-02
7.47952251562182e-01 9.88695254022372e-02
7.54879928165344e-01 9.88912305940742e-02
7.61871770232300e-01 9.89129149055466e-02
7.68928372075831e-01 9.89346216919459e-02
7.76050333513357e-01 9.89563292903108e-02
7.83238259917920e-01 9.89779378461026e-02
7.90492762269642e-01 9.89996714337832e-02
7.97814457207663e-01 9.90213059762576e-02
8.05203967082547e-01 9.90430438999622e-02
8.12661920009195e-01 9.90647340328349e-02
8.20188949920220e-01 9.90864416185653e-02
8.27785696619848e-01 9.91081091983580e-02
8.35452805838287e-01 9.91297750761154e-02
8.43190929286626e-01 9.91514931771702e-02
8.51000724712225e-01 9.91731583458212e-02
8.58882855954625e-01 9.91948244663235e-02
8.66837993001978e-01 9.92165184863841e-02
8.74866812047991e-01 9.92382673702907e-02
8.82969995549409e-01 9.92599364292644e-02
8.91148232284020e-01 9.92816578271812e-02
8.99402217409204e-01 9.93033314502949e-02
9.07732652521023e-01 9.93250254338086e-02
9.16140245713852e-01 9.93467524876769e-02
9.24625711640574e-01 9.93684317603947e-02
9.33189771573324e-01 9.93900851315473e-02
9.41833153464795e-01 9.94118153816884e-02
9.50556592010120e-01 9.94335391959088e-02
9.59360828709314e-01 9.94552986239256e-02
9.68246611930312e-01 9.94769538713597e-02
9.77214696972572e-01 9.94986861057703e-02
9.86265846131282e-01 9.95203461108493e-02
9.95400828762152e-01 9.95421026529404e-02
1.00462042134681e+00 9.95638114501374e-02
1.01392540755882e+00 9.95855043880142e-02
1.02331657833024e+00 9.96072180441127e-02
1.03279473191895e+00 9.96289059514335e-02
1.04236067397640e+00 9.96506195885768e-02
1.05201521761616e+00 9.96723688021610e-02
1.06175918348300e+00 9.96940604223932e-02
1.07159339982267e+00 9.97158317672174e-02
1.08151870255229e+00 9.97375504661070e-02
1.09153593533139e+00 9.97592213931008e-02
1.10164594963366e+00 9.97809769510677e-02
1.11184960481927e+00 9.98026677560082e-02
1.12214776820798e+00 9.98244456691309e-02
1.13254131515281e+00 9.98461512597960e-02
1.14303112911448e+00 9.98678533680704e-02
1.15361810173648e+00 9.98895862200631e-02
1.16430313292088e+00 9.99113402375793e-02
1.17508713090481e+00 9.99330758648647e-02
1.18597101233767e+00 9.99548327143474e-02
1.19695570235904e+00 9.99765465651914e-02
1.20804213467733e+00 9.99982840616857e-02
1.21923125164911e+00 1.00020047626963e-01
1.23052400435926e+00 1.00041753852174e-01
1.24192135270178e+00 1.00063354736544e-01
1.25342426546140e+00 1.00085192211396e-01
1.26503372039590e+00 1.00106988485207e-01
1.27675070431927e+00 1.00128692890027e-01
1.28857621318552e+00 1.00150456095139e-01
1.30051125217341e+00 1.00172184379786e-01
1.31255683577184e+00 1.00193828651617e-01
1.32471398786612e+00 1.00215713122246e-01
1.33698374182495e+00 1.00237467828813e-01
1.34936714058831e+00 1.00259096072585e-01
1.36186523675608e+00 1.00280908178823e-01
1.37447909267754e+00 1.00302715645089e-01
1.38720978054162e+00 1.00324507253097e-01
1.40005838246810e+00 1.00346296128778e-01
1.41302599059953e+00 1.00367999566181e-01
1.42611370719413e+00 1.00389777136709e-01
1.43932264471941e+00 1.00411586031368e-01
1.45265392594678e+00 1.00433252308144e-01
1.46610868404698e+00 1.00454918770682e-01
1.47968806268640e+00 1.00476688047823e-01
1.49339321612425e+00 1.00498519922904e-01
1.50722530931076e+00 1.00520342689042e-01
1.52118551798610e+00 1.00542149547474e-01
1.53527502878042e+00 1.00563952592210e-01
1.54949503931463e+00 1.00585545485768e-01
1.56384675830225e+00 1.00607302013661e-01
1.57833140565212e+00 1.00629348457045e-01
1.59295021257212e+00 1.00651066985591e-01
1.60770442167382e+00 1.00672628848458e-01
1.62259528707809e+00 1.00694407967043e-01
1.63762407452169e+00 1.00716451294217e-01
1.65279206146490e+00 1.00737946933638e-01
1.66810053720006e+00 1.00759931038694e-01
1.68355080296120e+00 1.00781865589818e-01
1.69914417203463e+00 1.00803679967320e-01
1.71488196987054e+00 1.00825305677956e-01
1.73076553419573e+00 1.00846978877836e-01
1.74679621512725e+00 1.00868917809904e-01
1.76297537528721e+00 1.00890544319759e-01
1.77930438991858e+00 1.00912529183498e-01
1.79578464700210e+00 1.00934530169149e-01
1.81241754737424e+00 1.00956092607797e-01
1.82920450484629e+00 1.00977791051283e-01
1.84614694632455e+00 1.00999567952879e-01
1.86324631193156e+00 1.01021416657641e-01
1.88050405512858e+00 1.01043442242930e-01
1.89792164283910e+00 1.01064971399085e-01
1.91550055557353e+00 1.01087042000933e-01
1.93324228755505e+00 1.01108870977266e-01
1.95114834684662e+00 1.01130481038377e-01
1.96922025547917e+00 1.01152319260836e-01
1.98745954958098e+00 1.01174126516409e-01
2.00586777950823e+00 1.01196315217662e-01
2.02444650997680e+00 1.01217765298812e-01
2.04319732019527e+00 1.01239618775682e-01
2.06212180399914e+00 1.01261431570470e-01
2.08122156998634e+00 1.01283283430416e-01
2.10049824165392e+00 1.01305116752061e-01
2.11995345753607e+00 1.01326950643651e-01
2.13958887134342e+00 1.01348826827390e-01
2.15940615210357e+00 1.01370701476305e-01
2.17940698430296e+00 1.01392535648921e-01
2.19959306803007e+00 1.01414730713214e-01
2.21996611911995e+00 1.01435764280402e-01
2.24052786930002e+00 1.01458054528124e-01
2.26128006633728e+00 1.01479946528146e-01
2.28222447418690e+00 1.01501722051684e-01
2.30336287314213e+00 1.01523611604276e-01
2.32469705998565e+00 1.01545525412178e-01
2.34622884814226e+00 1.01567677541204e-01
2.36796006783308e+00 1.01589183941924e-01
2.38989256623105e+00 1.01610635286984e-01
2.41202820761801e+00 1.01632991497489e-01
2.43436887354311e+00 1.01654376536453e-01
2.45691646298279e+00 1.01676674674239e-01
2.47967289250216e+00 1.01698126889717e-01
2.50264009641792e+00 1.01720273993465e-01
2.52582002696278e+00 1.01742369175077e-01
2.54921465445142e+00 1.01764190173859e-01
2.57282596744793e+00 1.01786192308627e-01
2.59665597293487e+00 1.01807517835611e-01
2.62070669648385e+00 1.01829890186817e-01
2.64498018242772e+00 1.01851626361141e-01
2.66947849403432e+00 1.01873739191487e-01
2.69420371368188e+00 1.01895150385913e-01
2.71915794303602e+00 1.01917024791899e-01
2.74434330322837e+00 1.01939442035799e-01
2.76976193503689e+00 1.01961257853735e-01
2.79541599906786e+00 1.01982768097224e-01
2.82130767593947e+00 1.02005107918439e-01
2.84743916646725e+00 1.02027038643156e-01
2.87381269185107e+00 1.02048993352402e-01
2.90043049386399e+00 1.02070318461723e-01
2.92729483504282e+00 1.02092829111007e-01
2.95440799888038e+00 1.02114720790245e-01
2.98177229001967e+00 1.02136662010993e-01
3.00939003444972e+00 1.02158531781087e-01
3.03726357970331e+00 1.02180532016480e-01
3.06539529505653e+00 1.02201938620481e-01
3.09378757173014e+00 1.02223849268730e-01
3.12244282309286e+00 1.02245656027484e-01
3.15136348486648e+00 1.02267676063609e-01
3.18055201533292e+00 1.02290278367481e-01
3.21001089554317e+00 1.02311516459620e-01
3.23974262952820e+00 1.02333763720271e-01
3.26974974451177e+00 1.02355583069088e-01
3.30003479112529e+00 1.02377403887538e-01
3.33060034362459e+00 1.02399442703615e-01
3.36144900010876e+00 1.02421485475794e-01
3.39258338274099e+00 1.02443423532970e-01
3.42400613797143e+00 1.02465256427674e-01
3.45571993676214e+00 1.02487306495066e-01
3.48772747481418e+00 1.02509253180067e-01
3.52003147279668e+00 1.02531202853866e-01
3.55263467657814e+00 1.02553582965495e-01
3.58553985745982e+00 1.02575107567091e-01
3.61874981241128e+00 1.02597282299655e-01
3.65226736430818e+00 1.02619134180551e-01
3.68609536217216e+00 1.02641207625794e-01
3.72023668141307e+00 1.02663279155487e-01
3.75469422407334e+00 1.02685033302763e-01
3.78947091907467e+00 1.02707330986992e-01
3.82456972246700e+00 1.02729304174828e-01
3.85999361767977e+00 1.02751175438931e-01
3.89574561577550e+00 1.02773156306529e-01
3.93182875570577e+00 1.02795140176492e-01
3.96824610456948e+00 1.02817020209129e-01
4.00500075787361e+00 1.02839227585682e-01
4.04209583979631e+00 1.02861218293789e-01
4.07953450345245e+00 1.02883108539940e-01
4.11731993116168e+00 1.02905322890871e-01
4.15545533471888e+00 1.02927216735870e-01
4.19394395566719e+00 1.02949330402506e-01
4.23278906557355e+00 1.02971339946456e-01
4.27199396630678e+00 1.02993568388539e-01
4.31156199031823e+00 1.03015259317429e-01
4.35149650092505e+00 1.03037384010953e-01
4.39180089259609e+00 1.03059624135777e-01
4.43247859124040e+00 1.03081538761400e-01
4.47353305449846e+00 1.03103567450692e-01
4.51496777203610e+00 1.03125599461649e-01
4.55678626584106e+00 1.03147633275213e-01
4.59899209052244e+00 1.03169885624802e-01
4.64158883361278e+00 1.03192033531945e-01
4.68458011587304e+00 1.03213970672604e-01
4.72796959160039e+00 1.03236018838465e-01
4.77176094893875e+00 1.03258066348622e-01
4.81595791019235e+00 1.03280339182394e-01
4.86056423214213e+00 1.03302287414501e-01
4.90558370636505e+00 1.03324347444084e-01
4.95102015955635e+00 1.03346521961713e-01
4.99687745385488e+00 1.03368478932558e-01
5.04315948717136e+00 1.03390764742239e-01
5.08987019351968e+00 1.03412623998885e-01
5.13701354335134e+00 1.03434806360238e-01
5.18459354389291e+00 1.03456996442470e-01
5.23261423948666e+00 1.03478971546016e-01
5.28107971193433e+00 1.03501058613645e-01
5.32999408084409e+00 1.03523152203037e-01
5.37936150398070e+00 1.03545462918632e-01
5.42918617761894e+00 1.03567450420898e-01
5.47947233690029e+00 1.03589552829063e-01
5.53022425619290e+00 1.03611657226913e-01
5.58144624945496e+00 1.03633873604602e-01
5.63314267060136e+00 1.03656092364271e-01
5.68531791387375e+00 1.03678211558134e-01
5.73797641421413e+00 1.03700435861134e-01
5.79112264764176e+00 1.03722560648218e-01
5.84476113163363e+00 1.03744579477756e-01
5.89889642550850e+00 1.03766817100108e-01
5.95353313081437e+00 1.03788839809695e-01
6.00867589171969e+00 1.03810977956198e-01
6.06432939540806e+00 1.03833226404436e-01
6.12049837247670e+00 1.03855261681387e-01
6.17718759733849e+00 1.03877623117679e-01
6.23440188862786e+00 1.03899884305814e-01
6.29214610961034e+00 1.03922149198204e-01
6.35042516859596e+00 1.03943983220387e-01
6.40924401935645e+00 1.03966252025129e-01
6.46860766154633e+00 1.03988748641221e-01
6.52852114112785e+00 1.04010587255310e-01
6.58898955079995e+00 1.04033088450943e-01
6.65001803043112e+00 1.04055155094783e-01
6.71161176749628e+00 1.04077232081752e-01
6.77377599751775e+00 1.04099520348641e-01
6.83651600451024e+00 1.04121398388777e-01
6.89983712143002e+00 1.04143903852040e-01
6.96374473062822e+00 1.04166322772121e-01
7.02824426430835e+00 1.04188738267667e-01
7.09334120498800e+00 1.04210831433523e-01
7.15904108596489e+00 1.04233149436409e-01
7.22534949178721e+00 1.04255468759222e-01
7.29227205872831e+00 1.04277140913312e-01
7.35981447526576e+00 1.04299901081397e-01
7.42798248256492e+00 1.04322018309374e-01
7.49678187496688e+00 1.04343920608264e-01
7.56621850048105e+00 1.04366262117286e-01
7.63629826128224e+00 1.04388607608430e-01
7.70702711421230e+00 1.04410740270409e-01
7.77841107128649e+00 1.04433524668552e-01
7.85045620020451e+00 1.04455446740078e-01
7.92316862486625e+00 1.04477591332210e-01
7.99655452589235e+00 1.04500169835380e-01
8.07062014114950e+00 1.04522100472171e-01
8.14537176628074e+00 1.04544695633571e-01
8.22081575524054e+00 1.04567068100780e-01
8.29695852083491e+00 1.04589012038401e-01
8.37380653526649e+00 1.04611612011837e-01
8.45136633068471e+00 1.04633783842634e-01
8.52964449974102e+00 1.04656182129019e-01
8.60864769614924e+00 1.04678136923974e-01
8.68838263525118e+00 1.04700756970218e-01
8.76885609458743e+00 1.04723159989501e-01
8.85007491447344e+00 1.04745607614588e-01
8.93204599858097e+00 1.04767549836564e-01
9.01477631452492e+00 1.04789964719474e-01
9.09827289445556e+00 1.04812610163962e-01
9.18254283565628e+00 1.04834386554562e-01
9.26759330114688e+00 1.04856807835365e-01
9.35343152029239e+00 1.04879677091363e-01
9.44006478941760e+00 1.04902124390872e-01
9.52750047242729e+00 1.04924343159395e-01
9.61574600143210e+00 1.04946789055105e-01
9.70480887738031e+00 1.04968804728067e-01
9.79469667069540e+00 1.04991266878009e-01
9.88541702191957e+00 1.05013720507121e-01
9.97697764236320e+00 1.05036186864345e-01
1.00693863147603e+01 1.05058009765901e-01
1.01626508939300e+01 1.05080910211732e-01
1.02567793074442e+01 1.05103171061496e-01
1.03517795563018e+01 1.05125432326599e-01
1.04476597156080e+01 1.05147920618691e-01
1.05444279352617e+01 1.05170200705089e-01
1.06420924406472e+01 1.05192910565678e-01
1.07406615333343e+01 1.05215189432795e-01
1.08401435917833e+01 1.05237472706009e-01
1.09405470720574e+01 1.05260421658794e-01
1.10418805085416e+01 1.05282494287649e-01
1.11441525146679e+01 1.05305022864130e-01
1.12473717836475e+01 1.05327324039934e-01
1.13515470892100e+01 1.05349629680994e-01
1.14566872863487e+01 1.05372157964467e-01
1.15628013120738e+01 1.05394923887188e-01
1.16698981861715e+01 1.05417019926590e-01
1.17779870119712e+01 1.05439561873466e-01
1.18870769771190e+01 1.05462552338589e-01
1.19971773543588e+01 1.05484686805795e-01
1.21082975023204e+01 1.05506788813129e-01
1.22204468663149e+01 1.05529354266281e-01
1.23336349791378e+01 1.05552436431499e-01
1.24478714618791e+01 1.05574848273934e-01
1.25631660247412e+01 1.05596861199615e-01
1.26795284678643e+01 1.05619877004260e-01
1.27969686821594e+01 1.05642023018879e-01
1.29154966501488e+01 1.05664616660040e-01
1.30351224468151e+01 1.05686778933395e-01
1.31558562404570e+01 1.05709818225207e-01
1.32777082935543e+01 1.05732426173887e-01
1.34006889636395e+01 1.05754670631422e-01
1.35248087041788e+01 1.05777741454303e-01
1.36500780654601e+01 1.05799618625271e-01
1.37765076954905e+01 1.05822021761080e-01
1.39041083409007e+01 1.05844877708783e-01
1.40328908478587e+01 1.05867718460079e-01
1.41628661629920e+01 1.05890144288396e-01
1.42940453343176e+01 1.05912880383871e-01
1.44264395121816e+01 1.05935005863665e-01
1.45600599502065e+01 1.05957437873274e-01
1.46949180062482e+01 1.05980302760186e-01
1.48310251433610e+01 1.06002765285894e-01
1.49683929307726e+01 1.06024779308975e-01
1.51070330448665e+01 1.06048091502285e-01
1.52469572701757e+01 1.06070992395427e-01
1.53881775003835e+01 1.06093467041187e-01
1.55307057393346e+01 1.06116707091848e-01
1.56745541020560e+01 1.06138841257171e-01
1.58197348157860e+01 1.06160880883388e-01
1.59662602210143e+01 1.06183803071106e-01
1.61141427725302e+01 1.06206297941058e-01
1.62633950404819e+01 1.06228789083001e-01
1.64140297114447e+01 1.06251637055783e-01
1.65660595894991e+01 1.06275260213005e-01
1.67194975973199e+01 1.06297867097751e-01
1.68743567772738e+01 1.06319695873438e-01
1.70306502925284e+01 1.06342430784142e-01
1.71883914281715e+01 1.06365687322791e-01
1.73475935923393e+01 1.06386851228497e-01
1.75082703173573e+01 1.06410251656417e-01
1.76704352608895e+01 1.06433230613830e-01
1.78341022071001e+01 1.06455330585353e-01
1.79992850678248e+01 1.06478328720340e-01
1.81659978837533e+01 1.06501861322744e-01
1.83342548256229e+01 1.06523438646979e-01
1.85040701954230e+01 1.06546846766306e-01
1.86754584276108e+01 1.06568917450614e-01
1.88484340903380e+01 1.06592843147821e-01
1.90230118866894e+01 1.06614615101332e-01
1.91992066559328e+01 1.06636755781055e-01
1.93770333747799e+01 1.06660239586009e-01
1.95565071586595e+01 1.06683265986175e-01
1.97376432630026e+01 1.06705442077496e-01
1.99204570845387e+01 1.06727728395040e-01
2.01049641626050e+01 1.06751100678057e-01
2.02911801804668e+01 1.06773503090262e-01
2.04791209666509e+01 1.06796361308786e-01
2.06688024962908e+01 1.06820822860338e-01
2.08602408924850e+01 1.06842493663018e-01
2.10534524276671e+01 1.06865230218477e-01
2.12484535249888e+01 1.06888120191147e-01
2.14452607597167e+01 1.06911215202821e-01
2.16438908606402e+01 1.06933469627612e-01
2.18443607114943e+01 1.06956089345791e-01
2.20466873523941e+01 1.06978856949806e-01
2.22508879812837e+01 1.07002618021430e-01
2.24569799553977e+01 1.07024584553361e-01
2.26649807927369e+01 1.07047881324353e-01
2.28749081735570e+01 1.07070392068033e-01
2.30867799418717e+01 1.07092713911624e-01
2.33006141069692e+01 1.07115837009493e-01
2.35164288449435e+01 1.07138485085506e-01
2.37342425002387e+01 1.07161627109091e-01
2.39540735872088e+01 1.07184294698680e-01
2.41759407916913e+01 1.07207424505950e-01
2.43998629725955e+01 1.07229915882333e-01
2.46258591635055e+01 1.07253233282415e-01
2.48539485742980e+01 1.07275925905504e-01
2.50841505927754e+01 1.07298605143515e-01
2.53164847863136e+01 1.07321312980228e-01
2.55509709035251e+01 1.07345000877348e-01
2.57876288759380e+01 1.07368073706634e-01
2.60264788196900e+01 1.07390067426600e-01
2.62675410372384e+01 1.07413056860393e-01
2.65108360190854e+01 1.07435804767307e-01
2.67563844455205e+01 1.07458913200768e-01
2.70042071883777e+01 1.07481663059027e-01
2.72543253128103e+01 1.07504923007189e-01
2.75067600790806e+01 1.07527436850866e-01
2.77615329443680e+01 1.07550862247206e-01
2.80186655645920e+01 1.07573633237120e-01
2.82781797962534e+01 1.07596392697780e-01
2.85400976982924e+01 1.07619157191918e-01
2.88044415339630e+01 1.07642156185931e-01
2.90712337727258e+01 1.07665627651359e-01
2.93404970921579e+01 1.07688405626716e-01
2.96122543798803e+01 1.07711112348875e-01
2.98865287355038e+01 1.07734411869174e-01
3.01633434725920e+01 1.07757810766596e-01
3.04427221206430e+01 1.07780196052199e-01
3.07246884270900e+01 1.07803065146698e-01
3.10092663593193e+01 1.07826794671490e-01
3.12964801067075e+01 1.07848862184823e-01
3.15863540826782e+01 1.07872566897627e-01
3.18789129267765e+01 1.07894540998107e-01
3.21741815067637e+01 1.07919276689111e-01
3.24721849207313e+01 1.07942149135382e-01
3.27729484992338e+01 1.07963998711018e-01
3.30764978074424e+01 1.07987395744443e-01
3.33828586473176e+01 1.08010988767329e-01
3.36920570598027e+01 1.08033918072346e-01
3.40041193270371e+01 1.08057722625752e-01
3.43190719745904e+01 1.08080641938788e-01
3.46369417737173e+01 1.08103533968942e-01
3.49577557436328e+01 1.08126614120176e-01
3.52815411538088e+01 1.08148655566485e-01
3.56083255262928e+01 1.08171589935956e-01
3.59381366380463e+01 1.08195467082669e-01
3.62710025233065e+01 1.08218507586736e-01
3.66069514759690e+01 1.08242296570197e-01
3.69460120519930e+01 1.08264135536628e-01
3.72882130718283e+01 1.08287594245890e-01
3.76335836228653e+01 1.08311341954608e-01
3.79821530619074e+01 1.08335012602660e-01
3.83339510176660e+01 1.08358288316247e-01
3.86890073932798e+01 1.08380775044129e-01
3.90473523688556e+01 1.08403459837431e-01
3.94090164040345e+01 1.08427416209148e-01
3.97740302405804e+01 1.08450581969998e-01
4.01424249049932e+01 1.08473504951856e-01
4.05142317111465e+01 1.08495636247576e-01
4.08894822629486e+01 1.08519618326129e-01
4.12682084570295e+01 1.08542684478908e-01
4.16504424854518e+01 1.08567032846198e-01
4.20362168384471e+01 1.08588835992098e-01
4.24255643071778e+01 1.08613643135057e-01
4.28185179865241e+01 1.08635936660883e-01
4.32151112778976e+01 1.08659959023080e-01
4.36153778920801e+01 1.08682650363911e-01
4.40193518520887e+01 1.08705390382525e-01
4.44270674960688e+01 1.08729724597221e-01
4.48385594802119e+01 1.08753349215008e-01
4.52538627817017e+01 1.08776024792548e-01
4.56730127016875e+01 1.08798711881992e-01
4.60960448682843e+01 1.08821855903521e-01
4.65229952396019e+01 1.08845864522844e-01
4.69539001068006e+01 1.08869989056200e-01
4.73887960971765e+01 1.08891299685533e-01
4.78277201772749e+01 1.08915677439857e-01
4.82707096560318e+01 1.08937645941682e-01
4.87178021879463e+01 1.08962880211791e-01
4.91690357762803e+01 1.08984946173205e-01
4.96244487762891e+01 1.09008976376282e-01
5.00840798984821e+01 1.09031374838874e-01
5.05479682119124e+01 1.09056412183201e-01
5.10161531474983e+01 1.09077818880467e-01
5.14886745013749e+01 1.09103062091812e-01
5.19655724382766e+01 1.09125346146526e-01
5.24468874949512e+01 1.09149226488300e-01
5.29326605836056e+01 1.09171889515947e-01
5.34229329953835e+01 1.09195966261530e-01
5.39177464038750e+01 1.09219029481439e-01
5.44171428686589e+01 1.09242953412758e-01
5.49211648388779e+01 1.09266376262472e-01
5.54298551568467e+01 1.09288943437969e-01
5.59432570616938e+01 1.09313098065965e-01
5.64614141930367e+01 1.09335457460390e-01
5.69843705946914e+01 1.09360802423844e-01
5.75121707184161e+01 1.09382090708961e-01
5.80448594276898e+01 1.09406336082601e-01
5.85824820015254e+01 1.09429682835641e-01
5.91250841383188e+01 1.09452938997241e-01
5.96727119597332e+01 1.09477433016680e-01
6.02254120146193e+01 1.09500459692564e-01
6.07832312829723e+01 1.09523898599974e-01
6.13462171799251e+01 1.09546351050015e-01
6.19144175597784e+01 1.09569711409321e-01
6.24878807200689e+01 1.09593979041229e-01
6.30666554056741e+01 1.09618005197004e-01
6.36507908129557e+01 1.09641820730837e-01
6.42403365939419e+01 1.09664182685069e-01
6.48353428605472e+01 1.09687517373299e-01
6.54358601888324e+01 1.09711762578055e-01
6.60419396233031e+01 1.09736201419046e-01
6.66536326812491e+01 1.09760461868647e-01
6.72709913571234e+01 1.09783102865531e-01
6.78940681269611e+01 1.09807409099257e-01
6.85229159528406e+01 1.09829817175856e-01
6.91575882873853e+01 1.09854714539554e-01
6.97981390783066e+01 1.09876871440797e-01
7.04446227729904e+01 1.09899717194461e-01
7.10970943231243e+01 1.09923796862965e-01
7.17556091893693e+01 1.09948907353589e-01
7.24202233460732e+01 1.09973024237370e-01
7.30909932860291e+01 1.09995115127169e-01
7.37679760252773e+01 1.10019289527855e-01
7.44512291079513e+01 1.10042018931566e-01
7.51408106111697e+01 1.10066970376565e-01
7.58367791499719e+01 1.10089120155872e-01
7.65391938823015e+01 1.10113927033493e-01
7.72481145140340e+01 1.10138058120556e-01
7.79636013040523e+01 1.10160834856549e-01
7.86857150693685e+01 1.10185165200897e-01
7.94145171902934e+01 1.10208043396806e-01
8.01500696156540e+01 1.10231676856753e-01
8.08924348680594e+01 1.10255085805779e-01
8.16416760492146e+01 1.10280324749458e-01
8.23978568452852e+01 1.10304130680382e-01
8.31610415323096e+01 1.10324782750329e-01
8.39312949816636e+01 1.10351139113942e-01
8.47086826655740e+01 1.10373707343486e-01
8.54932706626838e+01 1.10398361141129e-01
8.62851256636689e+01 1.10422049813914e-01
8.70843149769072e+01 1.10446282885095e-01
8.78909065341995e+01 1.10470094623110e-01
8.87049688965440e+01 1.10492963027500e-01
8.95265712599639e+01 1.10517638954427e-01
9.03557834613893e+01 1.10542314008770e-01
9.11926759845930e+01 1.10564884204508e-01
9.20373199661822e+01 1.10587536694630e-01
9.28897872016450e+01 1.10612347129442e-01
9.37501501514529e+01 1.10636800947170e-01
9.46184819472200e+01 1.10661444914064e-01
9.54948563979197e+01 1.10682304521292e-01
9.63793479961579e+01 1.10706866418465e-01
9.72720319245054e+01 1.10733528401506e-01
9.81729840618884e+01 1.10754410510779e-01
9.90822809900380e+01 1.10779220544818e-01
1.00000000000000e+02 1.10805536687549e-01
