1.00000000000000e-02 8.52411046786361e-02
1.00926219098705e-02 8.52693236721009e-02
1.01861017015598e-02 8.52975338590889e-02
1.02804473209331e-02 8.53257373211097e-02
1.03756667874519e-02 8.53539329023375e-02
1.04717681948552e-02 8.53821201528767e-02
1.05687597118480e-02 8.54103010717801e-02
1.06666495827954e-02 8.54384743211704e-02
1.07654461284232e-02 8.54666397963434e-02
1.08651577465254e-02 8.54947984441730e-02
1.09657929126781e-02 8.55229489681633e-02
1.10673601809597e-02 8.55510913449777e-02
1.11698681846782e-02 8.55792269055837e-02
1.12733256371049e-02 8.56073553591610e-02
1.13777413322149e-02 8.56354766460591e-02
1.14831241454351e-02 8.56635888457862e-02
1.15894830343981e-02 8.56916958864644e-02
1.16968270397039e-02 8.57197942964256e-02
1.18051652856880e-02 8.57478863143189e-02
1.19145069811978e-02 8.57759705370177e-02
1.20248614203741e-02 8.58040473541922e-02
1.21362379834424e-02 8.58321165746601e-02
1.22486461375093e-02 8.58601792608456e-02
1.23620954373677e-02 8.58882350550700e-02
1.24765955263087e-02 8.59162832601753e-02
1.25921561369415e-02 8.59443229742517e-02
1.27087870920206e-02 8.59723564286480e-02
1.28264983052806e-02 8.60003843946686e-02
1.29452997822792e-02 8.60284032931063e-02
1.30652016212472e-02 8.60564159398960e-02
1.31862140139475e-02 8.60844206425927e-02
1.33083472465408e-02 8.61124190409045e-02
1.34316117004602e-02 8.61404100725397e-02
1.35560178532937e-02 8.61683952088051e-02
1.36815762796747e-02 8.61963715886139e-02
1.38082976521809e-02 8.62243427326478e-02
1.39361927422414e-02 8.62523046189481e-02
1.40652724210524e-02 8.62802621313971e-02
1.41955476605010e-02 8.63082108750523e-02
1.43270295340983e-02 8.63361535347310e-02
1.44597292179202e-02 8.63640888291476e-02
1.45936579915576e-02 8.63920154914106e-02
1.47288272390750e-02 8.64199389421715e-02
1.48652484499786e-02 8.64478527974533e-02
1.50029332201922e-02 8.64757620608488e-02
1.51418932530435e-02 8.65036637144647e-02
1.52821403602587e-02 8.65315571095134e-02
1.54236864629663e-02 8.65594460008101e-02
1.55665435927106e-02 8.65873272501360e-02
1.57107238924745e-02 8.66152019505895e-02
1.58562396177114e-02 8.66430681308691e-02
1.60031031373870e-02 8.66709297894995e-02
1.61513269350309e-02 8.66987839560252e-02
1.63009236097974e-02 8.67266295689544e-02
1.64519058775366e-02 8.67544707066131e-02
1.66042865718753e-02 8.67823063914768e-02
1.67580786453077e-02 8.68101337428168e-02
1.69132951702965e-02 8.68379535993920e-02
1.70699493403841e-02 8.68657700399906e-02
1.72280544713139e-02 8.68935772914777e-02
1.73876240021625e-02 8.69213768434486e-02
1.75486714964815e-02 8.69491731091116e-02
1.77112106434509e-02 8.69769620491092e-02
1.78752552590424e-02 8.70047426935314e-02
1.80408192871938e-02 8.70325180285353e-02
1.82079168009946e-02 8.70602870805749e-02
1.83765620038817e-02 8.70880497817275e-02
1.85467692308470e-02 8.71158062327541e-02
1.87185529496558e-02 8.71435556330810e-02
1.88919277620767e-02 8.71712975680171e-02
1.90669084051225e-02 8.71990353677943e-02
1.92435097523033e-02 8.72267669826304e-02
1.94217468148903e-02 8.72544902796505e-02
1.96016347431919e-02 8.72822087603954e-02
1.97831888278416e-02 8.73099199445634e-02
1.99664245010979e-02 8.73376268982466e-02
2.01513573381556e-02 8.73653257756992e-02
2.03380030584698e-02 8.73930196418734e-02
2.05263775270925e-02 8.74207062738536e-02
2.07164967560207e-02 8.74483859588591e-02
2.09083769055575e-02 8.74760595168133e-02
2.11020342856860e-02 8.75037299287189e-02
2.12974853574552e-02 8.75313906503023e-02
2.14947467343798e-02 8.75590471835290e-02
2.16938351838518e-02 8.75866979201288e-02
2.18947676285662e-02 8.76143414534664e-02
2.20975611479590e-02 8.76419790514714e-02
2.23022329796594e-02 8.76696108986692e-02
2.25088005209546e-02 8.76972366665844e-02
2.27172813302691e-02 8.77248566307054e-02
2.29276931286565e-02 8.77524696530101e-02
2.31400538013065e-02 8.77800748503147e-02
2.33543813990648e-02 8.78076782285384e-02
2.35706941399673e-02 8.78352738147045e-02
2.37890104107889e-02 8.78628642256890e-02
2.40093487686065e-02 8.78904483877891e-02
2.42317279423760e-02 8.79180253557829e-02
2.44561668345245e-02 8.79455987022975e-02
2.46826845225569e-02 8.79731642558462e-02
2.49113002606779e-02 8.80007232775839e-02
2.51420334814280e-02 8.80282812292267e-02
2.53749037973357e-02 8.80558267094318e-02
2.56099310025846e-02 8.80833726609194e-02
2.58471350746956e-02 8.81109076076288e-02
2.60865361762255e-02 8.81384399370704e-02
2.63281546564802e-02 8.81659658346030e-02
2.65720110532451e-02 8.81934857665464e-02
2.68181260945302e-02 8.82210006303863e-02
2.70665207003324e-02 8.82485066278715e-02
2.73172159844138e-02 8.82760129303134e-02
2.75702332560958e-02 8.83035078171655e-02
2.78255940220712e-02 8.83309992151759e-02
2.80833199882317e-02 8.83584868746411e-02
2.83434330615131e-02 8.83859670832481e-02
2.86059553517574e-02 8.84134420738551e-02
2.88709091735924e-02 8.84409094672700e-02
2.91383170483279e-02 8.84683753151248e-02
2.94082017058706e-02 8.84958308484142e-02
2.96805860866560e-02 8.85232837153700e-02
2.99554933435981e-02 8.85507312686432e-02
3.02329468440578e-02 8.85781745896021e-02
3.05129701718287e-02 8.86056104124711e-02
3.07955871291423e-02 8.86330407047130e-02
3.10808217386906e-02 8.86604668123721e-02
3.13686982456688e-02 8.86878887505381e-02
3.16592411198352e-02 8.87153011306700e-02
3.19524750575921e-02 8.87427076961399e-02
3.22484249840844e-02 8.87701123507399e-02
3.25471160553185e-02 8.87975121043364e-02
3.28485736603004e-02 8.88249046715958e-02
3.31528234231942e-02 8.88522916562679e-02
3.34598912054997e-02 8.88796755597979e-02
3.37698031082509e-02 8.89070521473673e-02
3.40825854742345e-02 8.89344239153551e-02
3.43982648902292e-02 8.89617905276816e-02
3.47168681892656e-02 8.89891518164673e-02
3.50384224529067e-02 8.90165097439527e-02
3.53629550135504e-02 8.90438609723987e-02
3.56904934567523e-02 8.90712067496281e-02
3.60210656235707e-02 8.90985476298997e-02
3.63546996129332e-02 8.91258816853507e-02
3.66914237840249e-02 8.91532122740832e-02
3.70312667586993e-02 8.91805380152341e-02
3.73742574239106e-02 8.92078546836911e-02
3.77204249341700e-02 8.92351725299459e-02
3.80697987140229e-02 8.92624813402932e-02
3.84224084605506e-02 8.92897848235615e-02
3.87782841458946e-02 8.93170875940628e-02
3.91374560198038e-02 8.93443854288291e-02
3.94999546122064e-02 8.93716764096195e-02
3.98658107358044e-02 8.93989586169863e-02
4.02350554886929e-02 8.94262376957627e-02
4.06077202570037e-02 8.94535138407099e-02
4.09838367175726e-02 8.94807849527003e-02
4.13634368406327e-02 8.95080496539042e-02
4.17465528925314e-02 8.95353095333978e-02
4.21332174384729e-02 8.95625644313104e-02
4.25234633452868e-02 8.95898162885009e-02
4.29173237842216e-02 8.96170618048708e-02
4.33148322337640e-02 8.96443004505463e-02
4.37160224824850e-02 8.96715403364301e-02
4.41209286319119e-02 8.96987716325222e-02
4.45295850994266e-02 8.97259978577883e-02
4.49420266211914e-02 8.97532174633088e-02
4.53582882551019e-02 8.97804366110138e-02
4.57784053837662e-02 8.98076509212193e-02
4.62024137175131e-02 8.98348567271068e-02
4.66303492974273e-02 8.98620600154588e-02
4.70622484984128e-02 8.98892564011256e-02
4.74981480322850e-02 8.99164483725888e-02
4.79380849508911e-02 8.99436376946458e-02
4.83820966492596e-02 8.99708224531345e-02
4.88302208687788e-02 8.99980044094553e-02
4.92824957004051e-02 9.00251800870499e-02
4.97389595879006e-02 9.00523510669384e-02
5.01996513311008e-02 9.00795196554561e-02
5.06646100892127e-02 9.01066779820036e-02
5.11338753841433e-02 9.01338358771509e-02
5.16074871038591e-02 9.01609872100455e-02
5.20854855057766e-02 9.01881374160062e-02
5.25679112201842e-02 9.02152779727418e-02
5.30548052536957e-02 9.02424179752229e-02
5.35462089927361e-02 9.02695514838674e-02
5.40421642070592e-02 9.02966825474422e-02
5.45427130532983e-02 9.03238075122716e-02
5.50478980785497e-02 9.03509298787562e-02
5.55577622239888e-02 9.03780481038372e-02
5.60723488285203e-02 9.04051581760896e-02
5.65917016324624e-02 9.04322697263869e-02
5.71158647812643e-02 9.04593747122616e-02
5.76448828292588e-02 9.04864737012186e-02
5.81788007434494e-02 9.05135667074751e-02
5.87176639073326e-02 9.05406553063921e-02
5.92615181247555e-02 9.05677437156621e-02
5.98104096238094e-02 9.05948294836711e-02
6.03643850607587e-02 9.06219054981059e-02
6.09234915240071e-02 9.06489813684831e-02
6.14877765381002e-02 9.06760492557529e-02
6.20572880677650e-02 9.07031147456475e-02
6.26320745219869e-02 9.07301761221367e-02
6.32121847581245e-02 9.07572347676155e-02
6.37976680860628e-02 9.07842865921649e-02
6.43885742724042e-02 9.08113355326803e-02
6.49849535446989e-02 9.08383827082326e-02
6.55868565957143e-02 9.08654237453711e-02
6.61943345877439e-02 9.08924624977558e-02
6.68074391569562e-02 9.09194916822348e-02
6.74262224177834e-02 9.09465245379600e-02
6.80507369673521e-02 9.09735495922211e-02
6.86810358899530e-02 9.10005706929033e-02
6.93171727615541e-02 9.10275843879925e-02
6.99592016543538e-02 9.10545972608006e-02
7.06071771413777e-02 9.10816065891389e-02
7.12611543011175e-02 9.11086120246442e-02
7.19211887222119e-02 9.11356174100406e-02
7.25873365081725e-02 9.11626109175617e-02
7.32596542821523e-02 9.11896051384194e-02
7.39381991917587e-02 9.12165948002666e-02
7.46230289139111e-02 9.12435810149457e-02
7.53142016597437e-02 9.12705603433037e-02
7.60117761795533e-02 9.12975378823467e-02
7.67158117677930e-02 9.13245165756646e-02
7.74263682681127e-02 9.13514838807099e-02
7.81435060784454e-02 9.13784474510285e-02
7.88672861561415e-02 9.14054187642834e-02
7.95977700231499e-02 9.14323710997127e-02
8.03350197712474e-02 9.14593273882377e-02
8.10790980673169e-02 9.14862800090787e-02
8.18300681586739e-02 9.15132247914997e-02
8.25879938784427e-02 9.15401735695933e-02
8.33529396509819e-02 9.15671149117410e-02
8.41249704973612e-02 9.15940495646506e-02
8.49041520408875e-02 9.16209802630096e-02
8.56905505126835e-02 9.16479073849186e-02
8.64842327573172e-02 9.16748385821432e-02
8.72852662384838e-02 9.17017620535913e-02
8.80937190447399e-02 9.17286781862454e-02
8.89096598952916e-02 9.17555957222509e-02
8.97331581458352e-02 9.17825048517903e-02
9.05642837944529e-02 9.18094181291450e-02
9.14031074875623e-02 9.18363203199602e-02
9.22497005259217e-02 9.18632236069228e-02
9.31041348706907e-02 9.18901230966750e-02
9.39664831495469e-02 9.19170188051109e-02
9.48368186628592e-02 9.19439069407457e-02
9.57152153899187e-02 9.19707966017487e-02
9.66017479952265e-02 9.19976783539589e-02
9.74964918348409e-02 9.20245605602517e-02
9.83995229627823e-02 9.20514401663661e-02
9.93109181374980e-02 9.20783198921973e-02
1.00230754828387e-01 9.21051807230932e-02
1.01159111222383e-01 9.21320458825294e-02
1.02096066230605e-01 9.21589119401454e-02
1.03041699495059e-01 9.21857819811671e-02
1.03996091395412e-01 9.22126339340142e-02
1.04959323055823e-01 9.22394899033482e-02
1.05931476351837e-01 9.22663392267192e-02
1.06912633917348e-01 9.22931853582249e-02
1.07902879151618e-01 9.23200321174155e-02
1.08902296226373e-01 9.23468753468803e-02
1.09910970092950e-01 9.23737119978888e-02
1.10928986489522e-01 9.24005527529811e-02
1.11956431948388e-01 9.24273793630236e-02
1.12993393803322e-01 9.24542097432423e-02
1.14039960197003e-01 9.24810305405242e-02
1.15096220088503e-01 9.25078593028345e-02
1.16162263260850e-01 9.25346770540356e-02
1.17238180328660e-01 9.25614989989786e-02
1.18324062745838e-01 9.25883072651097e-02
1.19420002813353e-01 9.26151201242469e-02
1.20526093687084e-01 9.26419261981302e-02
1.21642429385737e-01 9.26687247781102e-02
1.22769104798836e-01 9.26955290909172e-02
1.23906215694792e-01 9.27223331627009e-02
1.25053858729039e-01 9.27491312466191e-02
1.26212131452255e-01 9.27759222623976e-02
1.27381132318648e-01 9.28027145478375e-02
1.28560960694330e-01 9.28295077493069e-02
1.29751716865759e-01 9.28562821883631e-02
1.30953502048267e-01 9.28830621004118e-02
1.32166418394661e-01 9.29098426122850e-02
1.33390569003906e-01 9.29366172478929e-02
1.34626057929891e-01 9.29633914212158e-02
1.35872990190271e-01 9.29901532622376e-02
1.37131471775394e-01 9.30169218911402e-02
1.38401609657313e-01 9.30436960833102e-02
1.39683511798874e-01 9.30704531018735e-02
1.40977287162897e-01 9.30972104703520e-02
1.42283045721435e-01 9.31239651356514e-02
1.43600898465126e-01 9.31507254212562e-02
1.44930957412622e-01 9.31774671541591e-02
1.46273335620113e-01 9.32042289668936e-02
1.47628147190939e-01 9.32309646782605e-02
1.48995507285285e-01 9.32577075288409e-02
1.50375532129974e-01 9.32844463198990e-02
1.51768339028341e-01 9.33111825181264e-02
1.53174046370208e-01 9.33379237163869e-02
1.54592773641948e-01 9.33646464806181e-02
1.56024641436637e-01 9.33913764564231e-02
1.57469771464309e-01 9.34181168707375e-02
1.58928286562298e-01 9.34448327795998e-02
1.60400310705682e-01 9.34715544924325e-02
1.61885969017820e-01 9.34982729966850e-02
1.63385387780986e-01 9.35249958889505e-02
1.64898694447107e-01 9.35517019098235e-02
1.66426017648590e-01 9.35784282125557e-02
1.67967487209265e-01 9.36051301101310e-02
1.69523234155412e-01 9.36318447459533e-02
1.71093390726901e-01 9.36585411350320e-02
1.72678090388436e-01 9.36852495676683e-02
1.74277467840892e-01 9.37119412340810e-02
1.75891659032773e-01 9.37386464202111e-02
1.77520801171763e-01 9.37653341522213e-02
1.79165032736390e-01 9.37920415504805e-02
1.80824493487795e-01 9.38187308050663e-02
1.82499324481615e-01 9.38454185059070e-02
1.84189668079971e-01 9.38720971061552e-02
1.85895667963569e-01 9.38987803059507e-02
1.87617469143912e-01 9.39254612798927e-02
1.89355217975630e-01 9.39521476019793e-02
1.91109062168914e-01 9.39788173259032e-02
1.92879150802078e-01 9.40054909886836e-02
1.94665634334226e-01 9.40321563683506e-02
1.96468664618045e-01 9.40588422832310e-02
1.98288394912707e-01 9.40855019412989e-02
2.00124979896904e-01 9.41121904426526e-02
2.01978575681988e-01 9.41388527265780e-02
2.03849339825246e-01 9.41655157968936e-02
2.05737431343291e-01 9.41921685204590e-02
2.07643010725577e-01 9.42188335893782e-02
2.09566239948043e-01 9.42454807827504e-02
2.11507282486879e-01 9.42721417925879e-02
2.13466303332424e-01 9.42987863934401e-02
2.15443469003188e-01 9.43254351284278e-02
2.17438947560008e-01 9.43520743307342e-02
2.19452908620331e-01 9.43787349648724e-02
2.21485523372636e-01 9.44053861000460e-02
2.23536964590980e-01 9.44320208997401e-02
2.25607406649686e-01 9.44586537916881e-02
2.27697025538168e-01 9.44852984731875e-02
2.29805998875885e-01 9.45119344294184e-02
2.31934505927443e-01 9.45385526920810e-02
2.34082727617829e-01 9.45651946361660e-02
2.36250846547795e-01 9.45918326005690e-02
2.38439047009372e-01 9.46184453690047e-02
2.40647515001542e-01 9.46450797109972e-02
2.42876438246045e-01 9.46717047146893e-02
2.45126006203334e-01 9.46983369291023e-02
2.47396410088681e-01 9.47249569819295e-02
2.49687842888433e-01 9.47515698804086e-02
2.52000499376409e-01 9.47782098499228e-02
2.54334576130465e-01 9.48048178929715e-02
2.56690271549195e-01 9.48314256651309e-02
2.59067785868801e-01 9.48580537172114e-02
2.61467321180109e-01 9.48846574434996e-02
2.63889081445751e-01 9.49112670794418e-02
2.66333272517498e-01 9.49378682441621e-02
2.68800102153761e-01 9.49644807763065e-02
2.71289780037247e-01 9.49911013936293e-02
2.73802517792786e-01 9.50176894999443e-02
2.76338529005317e-01 9.50442843032891e-02
2.78898029238044e-01 9.50708995134687e-02
2.81481236050758e-01 9.50974966703958e-02
2.84088369018330e-01 9.51240875736943e-02
2.86719649749377e-01 9.51506755667046e-02
2.89375301905095e-01 9.51772696247648e-02
2.92055551218275e-01 9.52038697638837e-02
2.94760625512486e-01 9.52304608960664e-02
2.97490754721444e-01 9.52570588441243e-02
3.00246170908555e-01 9.52836471104138e-02
3.03027108286640e-01 9.53102339944717e-02
3.05833803237843e-01 9.53368029696836e-02
3.08666494333727e-01 9.53633884896594e-02
3.11525422355549e-01 9.53899698287434e-02
3.14410830314726e-01 9.54165677368561e-02
3.17322963473498e-01 9.54431629144357e-02
3.20262069365765e-01 9.54697265540176e-02
3.23228397818138e-01 9.54962752306452e-02
3.26222200971167e-01 9.55228787745356e-02
3.29243733300777e-01 9.55494385598334e-02
3.32293251639897e-01 9.55760273189385e-02
3.35371015200293e-01 9.56026011141002e-02
3.38477285594598e-01 9.56291709119179e-02
3.41612326858553e-01 9.56557286003903e-02
3.44776405473446e-01 9.56823110662384e-02
3.47969790388769e-01 9.57088786809794e-02
3.51192753045073e-01 9.57359965278601e-02
3.54445567397043e-01 9.57624494666911e-02
3.57728509936787e-01 9.57889152287841e-02
3.61041859717334e-01 9.58155603389366e-02
3.64385898376354e-01 9.58412612480313e-02
3.67760910160103e-01 9.58682742191404e-02
3.71167181947576e-01 9.58948204295298e-02
3.74605003274899e-01 9.59213792177498e-02
3.78074666359935e-01 9.59479369748365e-02
3.81576466127125e-01 9.59745102089143e-02
3.85110700232557e-01 9.60010343308992e-02
3.88677669089267e-01 9.60276055806346e-02
3.92277675892772e-01 9.60541867948989e-02
3.95911026646846e-01 9.60807108240629e-02
3.99578030189527e-01 9.61072613380128e-02
4.03278998219371e-01 9.61338123137579e-02
4.07014245321944e-01 9.61603651293379e-02
4.10784088996565e-01 9.61869129354214e-02
4.14588849683291e-01 9.62134598631797e-02
4.18428850790158e-01 9.62400073071054e-02
4.22304418720667e-01 9.62665387940086e-02
4.26215882901532e-01 9.62930859322655e-02
4.30163575810679e-01 9.63196611377169e-02
4.34147833005509e-01 9.63461901862892e-02
4.38168993151419e-01 9.63727170888551e-02
4.42227398050590e-01 9.63992734653403e-02
4.46323392671039e-01 9.64258180738289e-02
4.50457325175946e-01 9.64523454434997e-02
4.54629546953240e-01 9.64788831609661e-02
4.58840412645476e-01 9.65054393714509e-02
4.63090280179974e-01 9.65319468003607e-02
4.67379510799246e-01 9.65585181407034e-02
4.71708469091702e-01 9.65850709891782e-02
4.76077523022637e-01 9.66115902357482e-02
4.80487043965513e-01 9.66381129151874e-02
4.84937406733524e-01 9.66646790369037e-02
4.89428989611453e-01 9.66911840336648e-02
4.93962174387832e-01 9.67177325108513e-02
4.98537346387389e-01 9.67442528581063e-02
5.03154894503805e-01 9.67708180628992e-02
5.07815211232767e-01 9.67973043658933e-02
5.12518692705333e-01 9.68238355783558e-02
5.17265738721602e-01 9.68504130498722e-02
5.22056752784698e-01 9.68769156932593e-02
5.26892142135067e-01 9.69034744028315e-02
5.31772317785097e-01 9.69299926138538e-02
5.36697694554048e-01 9.69564898923266e-02
5.41668691103315e-01 9.69830553300490e-02
5.46685729972018e-01 9.70095517901430e-02
5.51749237612913e-01 9.70361084567578e-02
5.56859644428641e-01 9.70626424397364e-02
5.62017384808319e-01 9.70891351442664e-02
5.67222897164454e-01 9.71156960740303e-02
5.72476623970218e-01 9.71422085747585e-02
5.77779011797050e-01 9.71687688768153e-02
5.83130511352622e-01 9.71952919677501e-02
5.88531577519145e-01 9.72218036029951e-02
5.93982669392036e-01 9.72483162946199e-02
5.99484250318941e-01 9.72748728976647e-02
6.05036787939122e-01 9.73013851135772e-02
6.10640754223204e-01 9.73278931735534e-02
6.16296625513294e-01 9.73544188267190e-02
6.22004882563471e-01 9.73809443032259e-02
6.27766010580650e-01 9.74074834727557e-02
6.33580499265825e-01 9.74340112594183e-02
6.39448842855694e-01 9.74605336799756e-02
6.45371540164670e-01 9.74870612162232e-02
6.51349094627280e-01 9.75135834269455e-02
6.57382014340959e-01 9.75400778214429e-02
6.63470812109235e-01 9.75666024901445e-02
6.69616005485322e-01 9.75931600570834e-02
6.75818116816111e-01 9.76196872273192e-02
6.82077673286569e-01 9.76461762473588e-02
6.88395206964550e-01 9.76727311653945e-02
6.94771254846024e-01 9.76991950005891e-02
7.01206358900718e-01 9.77257803316446e-02
7.07701066118189e-01 9.77522746007219e-02
7.14255928554313e-01 9.77788322451832e-02
7.20871503378214e-01 9.78053544444759e-02
7.27548352919623e-01 9.78318818754542e-02
7.34287044716676e-01 9.78584320816320e-02
7.41088151564157e-01 9.78848989799677e-02
7.47952251562182e-01 9.79114571579516e-02
7.54879928165344e-01 9.79379521378034e-02
7.61871770232300e-01 9.79645055366853e-02
7.68928372075831e-01 9.79910312762834e-02
7.76050333513357e-01 9.80174963969615e-02
7.83238259917920e-01 9.80440554986697e-02
7.90492762269642e-01 9.80706097659290e-02
7.97814457207663e-01 9.80971338689469e-02
8.05203967082547e-01 9.81236354103050e-02
8.12661920009195e-01 9.81501625879568e-02
8.20188949920220e-01 9.81766545912009e-02
8.27785696619848e-01 9.82031874053000e-02
8.35452805838287e-01 9.82297509699969e-02
8.43190929286626e-01 9.82562694025795e-02
8.51000724712225e-01 9.82828361904413e-02
8.58882855954625e-01 9.83093019679986e-02
8.66837993001978e-01 9.83359179171436e-02
8.74866812047991e-01 9.83624479243193e-02
8.82969995549409e-01 9.83889199293960e-02
8.91148232284020e-01 9.84154532709585e-02
8.99402217409204e-01 9.84419845794809e-02
9.07732652521023e-01 9.84685773165539e-02
9.16140245713852e-01 9.84950791093701e-02
9.24625711640574e-01 9.85216118794150e-02
9.33189771573324e-01 9.85481427014253e-02
9.41833153464795e-01 9.85746179920916e-02
9.50556592010120e-01 9.86012084431456e-02
9.59360828709314e-01 9.86277128879812e-02
9.68246611930312e-01 9.86542508650376e-02
9.77214696972572e-01 9.86808150449192e-02
9.86265846131282e-01 9.87073871966857e-02
9.95400828762152e-01 9.87338305454083e-02
1.00462042134681e+00 9.87603685449784e-02
1.01392540755882e+00 9.87869963691741e-02
1.02331657833024e+00 9.88134746585551e-02
1.03279473191895e+00 9.88400476636139e-02
1.04236067397640e+00 9.88665884101260e-02
1.05201521761616e+00 9.88931274632162e-02
1.06175918348300e+00 9.89197026495551e-02
1.07159339982267e+00 9.89461796820120e-02
1.08151870255229e+00 9.89727306295274e-02
1.09153593533139e+00 9.89992727518316e-02
1.10164594963366e+00 9.90258132872638e-02
1.11184960481927e+00 9.90523288575925e-02
1.12214776820798e+00 9.90788782241763e-02
1.13254131515281e+00 9.91054896248327e-02
1.14303112911448e+00 9.91320077256703e-02
1.15361810173648e+00 9.91585549314686e-02
1.16430313292088e+00 9.91851054130875e-02
1.17508713090481e+00 9.92116568071447e-02
1.18597101233767e+00 9.92382091337218e-02
1.19695570235904e+00 9.92647647576132e-02
1.20804213467733e+00 9.92912906952071e-02
1.21923125164911e+00 9.93179048345307e-02
1.23052400435926e+00 9.93443974056090e-02
1.24192135270178e+00 9.93710182533154e-02
1.25342426546140e+00 9.93975175016808e-02
1.26503372039590e+00 9.94240744436312e-02
1.27675070431927e+00 9.94506064093958e-02
1.28857621318552e+00 9.94772268425021e-02
1.30051125217341e+00 9.95038200141419e-02
1.31255683577184e+00 9.95303506209824e-02
1.32471398786612e+00 9.95569176430420e-02
1.33698374182495e+00 9.95834811961585e-02
1.34936714058831e+00 9.96100789049486e-02
1.36186523675608e+00 9.96365572389621e-02
1.37447909267754e+00 9.96631550180740e-02
1.38720978054162e+00 9.96897540073028e-02
1.40005838246810e+00 9.97163633454166e-02
1.41302599059953e+00 9.97428418588139e-02
1.42611370719413e+00 9.97694445729578e-02
1.43932264471941e+00 9.97961145842906e-02
1.45265392594678e+00 9.98225353438913e-02
1.46610868404698e+00 9.98491989303794e-02
1.47968806268640e+00 9.98757543256061e-02
1.49339321612425e+00 9.99023680515618e-02
1.50722530931076e+00 9.99289786484380e-02
1.52118551798610e+00 9.99554719377902e-02
1.53527502878042e+00 9.99821468715253e-02
1.54949503931463e+00 1.00008700033708e-01
1.56384675830225e+00 1.00035197412857e-01
1.57833140565212e+00 1.00061885471557e-01
1.59295021257212e+00 1.00088500102864e-01
1.60770442167382e+00 1.00114935655816e-01
1.62259528707809e+00 1.00141562025225e-01
1.63762407452169e+00 1.00168255945642e-01
1.65279206146490e+00 1.00194880941163e-01
1.66810053720006e+00 1.00221445757077e-01
1.68355080296120e+00 1.00248007749115e-01
1.69914417203463e+00 1.00274588651943e-01
1.71488196987054e+00 1.00301158079243e-01
1.73076553419573e+00 1.00327848311371e-01
1.74679621512725e+00 1.00354425249640e-01
1.76297537528721e+00 1.00381065569326e-01
1.77930438991858e+00 1.00407645703325e-01
1.79578464700210e+00 1.00434276442018e-01
1.81241754737424e+00 1.00460868416246e-01
1.82920450484629e+00 1.00487634780235e-01
1.84614694632455e+00 1.00514155448594e-01
1.86324631193156e+00 1.00540611663988e-01
1.88050405512858e+00 1.00567263700155e-01
1.89792164283910e+00 1.00594045518024e-01
1.91550055557353e+00 1.00620630731802e-01
1.93324228755505e+00 1.00647230315750e-01
1.95114834684662e+00 1.00673819088140e-01
1.96922025547917e+00 1.00700418015710e-01
1.98745954958098e+00 1.00727027004200e-01
2.00586777950823e+00 1.00753683245877e-01
2.02444650997680e+00 1.00780271056678e-01
2.04319732019527e+00 1.00806959918849e-01
2.06212180399914e+00 1.00833555655265e-01
2.08122156998634e+00 1.00860351815948e-01
2.10049824165392e+00 1.00886769240720e-01
2.11995345753607e+00 1.00913573378618e-01
2.13958887134342e+00 1.00940309231482e-01
2.15940615210357e+00 1.00966872862162e-01
2.17940698430296e+00 1.00993476278475e-01
2.19959306803007e+00 1.01020164051831e-01
2.21996611911995e+00 1.01046845773194e-01
2.24052786930002e+00 1.01073284707655e-01
2.26128006633728e+00 1.01100028720700e-01
2.28222447418690e+00 1.01126786786533e-01
2.30336287314213e+00 1.01153410510616e-01
2.32469705998565e+00 1.01180044259855e-01
2.34622884814226e+00 1.01206808591220e-01
2.36796006783308e+00 1.01233446509819e-01
2.38989256623105e+00 1.01260141003117e-01
2.41202820761801e+00 1.01286592243958e-01
2.43436887354311e+00 1.01313423593368e-01
2.45691646298279e+00 1.01340132431736e-01
2.47967289250216e+00 1.01366590001760e-01
2.50264009641792e+00 1.01393428037634e-01
2.52582002696278e+00 1.01420077212414e-01
2.54921465445142e+00 1.01446794906584e-01
2.57282596744793e+00 1.01473511038839e-01
2.59665597293487e+00 1.01500100692978e-01
2.62070669648385e+00 1.01526887709784e-01
2.64498018242772e+00 1.01553426997869e-01
2.66947849403432e+00 1.01580218656808e-01
2.69420371368188e+00 1.01606883810610e-01
2.71915794303602e+00 1.01633680205877e-01
2.74434330322837e+00 1.01660537827473e-01
2.76976193503689e+00 1.01687213873664e-01
2.79541599906786e+00 1.01713884833744e-01
2.82130767593947e+00 1.01740440373284e-01
2.84743916646725e+00 1.01767123529192e-01
2.87381269185107e+00 1.01793927110326e-01
2.90043049386399e+00 1.01820744236992e-01
2.92729483504282e+00 1.01847438422049e-01
2.95440799888038e+00 1.01874002267480e-01
2.98177229001967e+00 1.01900826823915e-01
3.00939003444972e+00 1.01927513938406e-01
3.03726357970331e+00 1.01954092365724e-01
3.06539529505653e+00 1.01981043038483e-01
3.09378757173014e+00 1.02007737886433e-01
3.12244282309286e+00 1.02034456707463e-01
3.15136348486648e+00 1.02061282510058e-01
3.18055201533292e+00 1.02087740733842e-01
3.21001089554317e+00 1.02114578931793e-01
3.23974262952820e+00 1.02141433829989e-01
3.26974974451177e+00 1.02168267890593e-01
3.30003479112529e+00 1.02194990842637e-01
3.33060034362459e+00 1.02221587951245e-01
3.36144900010876e+00 1.02248320586161e-01
3.39258338274099e+00 1.02275175112737e-01
3.42400613797143e+00 1.02301787004524e-01
3.45571993676214e+00 1.02328647081607e-01
3.48772747481418e+00 1.02355376993203e-01
3.52003147279668e+00 1.02382129965768e-01
3.55263467657814e+00 1.02408961191019e-01
3.58553985745982e+00 1.02435869934053e-01
3.61874981241128e+00 1.02462683758944e-01
3.65226736430818e+00 1.02489368674893e-01
3.68609536217216e+00 1.02516122309962e-01
3.72023668141307e+00 1.02542878831302e-01
3.75469422407334e+00 1.02569644777215e-01
3.78947091907467e+00 1.02596660216558e-01
3.82456972246700e+00 1.02623298874837e-01
3.85999361767977e+00 1.02650079944935e-01
3.89574561577550e+00 1.02676971295124e-01
3.93182875570577e+00 1.02703491856101e-01
3.96824610456948e+00 1.02730541542388e-01
4.00500075787361e+00 1.02757055107712e-01
4.04209583979631e+00 1.02783886873732e-01
4.07953450345245e+00 1.02811004921780e-01
4.11731993116168e+00 1.02837794066707e-01
4.15545533471888e+00 1.02864586264671e-01
4.19394395566719e+00 1.02891508596090e-01
4.23278906557355e+00 1.02918313206293e-01
4.27199396630678e+00 1.02945395229893e-01
4.31156199031823e+00 1.02972058720252e-01
4.35149650092505e+00 1.02998860330407e-01
4.39180089259609e+00 1.03025671221660e-01
4.43247859124040e+00 1.03052618647603e-01
4.47353305449846e+00 1.03079302508498e-01
4.51496777203610e+00 1.03106122946959e-01
4.55678626584106e+00 1.03132952492482e-01
4.59899209052244e+00 1.03159767490858e-01
4.64158883361278e+00 1.03186615232211e-01
4.68458011587304e+00 1.03213697945978e-01
4.72796959160039e+00 1.03240285086354e-01
4.77176094893875e+00 1.03267464407902e-01
4.81595791019235e+00 1.03294223659379e-01
4.86056423214213e+00 1.03321203723017e-01
4.90558370636505e+00 1.03348181485163e-01
4.95102015955635e+00 1.03374784594288e-01
4.99687745385488e+00 1.03401769119889e-01
5.04315948717136e+00 1.03428648595720e-01
5.08987019351968e+00 1.03455620457074e-01
5.13701354335134e+00 1.03482487280923e-01
5.18459354389291e+00 1.03509229341571e-01
5.23261423948666e+00 1.03536231130219e-01
5.28107971193433e+00 1.03563113720010e-01
5.32999408084409e+00 1.03589988875062e-01
5.37936150398070e+00 1.03616844513144e-01
5.42918617761894e+00 1.03643841654556e-01
5.47947233690029e+00 1.03670797650820e-01
5.53022425619290e+00 1.03697818989724e-01
5.58144624945496e+00 1.03724250751910e-01
5.63314267060136e+00 1.03751361617087e-01
5.68531791387375e+00 1.03778513785754e-01
5.73797641421413e+00 1.03805223448856e-01
5.79112264764176e+00 1.03832490930072e-01
5.84476113163363e+00 1.03859266698445e-01
5.89889642550850e+00 1.03886088381883e-01
5.95353313081437e+00 1.03913104008326e-01
6.00867589171969e+00 1.03940552623535e-01
6.06432939540806e+00 1.03967359520094e-01
6.12049837247670e+00 1.03993911658924e-01
6.17718759733849e+00 1.04021211758597e-01
6.23440188862786e+00 1.04048298486930e-01
6.29214610961034e+00 1.04075119884528e-01
6.35042516859596e+00 1.04101954321983e-01
6.40924401935645e+00 1.04129246867679e-01
6.46860766154633e+00 1.04155956244369e-01
6.52852114112785e+00 1.04182685629563e-01
6.58898955079995e+00 1.04209781000425e-01
6.65001803043112e+00 1.04237149803247e-01
6.71161176749628e+00 1.04263715072150e-01
6.77377599751775e+00 1.04291039669945e-01
6.83651600451024e+00 1.04317664682055e-01
6.89983712143002e+00 1.04345313899781e-01
6.96374473062822e+00 1.04372063867506e-01
7.02824426430835e+00 1.04398752799402e-01
7.09334120498800e+00 1.04426172841938e-01
7.15904108596489e+00 1.04453298204194e-01
7.22534949178721e+00 1.04480197881788e-01
7.29227205872831e+00 1.04507299534201e-01
7.35981447526576e+00 1.04534182362990e-01
7.42798248256492e+00 1.04561597302002e-01
7.49678187496688e+00 1.04588338145379e-01
7.56621850048105e+00 1.04615683083260e-01
7.63629826128224e+00 1.04642236325977e-01
7.70702711421230e+00 1.04669432099665e-01
7.77841107128649e+00 1.04696298509231e-01
7.85045620020451e+00 1.04723876954829e-01
7.92316862486625e+00 1.04750694836922e-01
7.99655452589235e+00 1.04777870037251e-01
8.07062014114950e+00 1.04804791912356e-01
8.14537176628074e+00 1.04832256193108e-01
8.22081575524054e+00 1.04859444065568e-01
8.29695852083491e+00 1.04886303581203e-01
8.37380653526649e+00 1.04913586105843e-01
8.45136633068471e+00 1.04940370723844e-01
8.52964449974102e+00 1.04967467905104e-01
8.60864769614924e+00 1.04994677428993e-01
8.68838263525118e+00 1.05021648751513e-01
8.76885609458743e+00 1.05049131127870e-01
8.85007491447344e+00 1.05075813284889e-01
8.93204599858097e+00 1.05103325313743e-01
9.01477631452492e+00 1.05130291153246e-01
9.09827289445556e+00 1.05157273494444e-01
9.18254283565628e+00 1.05184520427383e-01
9.26759330114688e+00 1.05211765193953e-01
9.35343152029239e+00 1.05238757777076e-01
9.44006478941760e+00 1.05266264893193e-01
9.52750047242729e+00 1.05293012724339e-01
9.61574600143210e+00 1.05319907334603e-01
9.70480887738031e+00 1.05347548182454e-01
9.79469667069540e+00 1.05374305459925e-01
9.88541702191957e+00 1.05402097762500e-01
9.97697764236320e+00 1.05428482473235e-01
1.00693863147603e+01 1.05456689009090e-01
1.01626508939300e+01 1.05483709147076e-01
1.02567793074442e+01 1.05510745599704e-01
1.03517795563018e+01 1.05537526967725e-01
1.04476597156080e+01 1.05564966659555e-01
1.05444279352617e+01 1.05592150852406e-01
1.06420924406472e+01 1.05619071308467e-01
1.07406615333343e+01 1.05646931302781e-01
1.08401435917833e+01 1.05673723338087e-01
1.09405470720574e+01 1.05700913426969e-01
1.10418805085416e+01 1.05728482758702e-01
1.11441525146679e+01 1.05755332520326e-01
1.12473717836475e+01 1.05782703987235e-01
1.13515470892100e+01 1.05810282429189e-01
1.14566872863487e+01 1.05837638858596e-01
1.15628013120738e+01 1.05864340923719e-01
1.16698981861715e+01 1.05891824438913e-01
1.17779870119712e+01 1.05918924348361e-01
1.18870769771190e+01 1.05946299940591e-01
1.19971773543588e+01 1.05973820959972e-01
1.21082975023204e+01 1.06001061660735e-01
1.22204468663149e+01 1.06028153212501e-01
1.23336349791378e+01 1.06055304303599e-01
1.24478714618791e+01 1.06083340467956e-01
1.25631660247412e+01 1.06110116743153e-01
1.26795284678643e+01 1.06137774158682e-01
1.27969686821594e+01 1.06164665463858e-01
1.29154966501488e+01 1.06192353121426e-01
1.30351224468151e+01 1.06219125253966e-01
1.31558562404570e+01 1.06246395607622e-01
1.32777082935543e+01 1.06274363501197e-01
1.34006889636395e+01 1.06301161040624e-01
1.35248087041788e+01 1.06328982124661e-01
1.36500780654601e+01 1.06355524931866e-01
1.37765076954905e+01 1.06383340823660e-01
1.39041083409007e+01 1.06410535751297e-01
1.40328908478587e+01 1.06438213557608e-01
1.41628661629920e+01 1.06465469436870e-01
1.42940453343176e+01 1.06492672367390e-01
1.44264395121816e+01 1.06520235981660e-01
1.45600599502065e+01 1.06547625830300e-01
1.46949180062482e+01 1.06575024123169e-01
1.48310251433610e+01 1.06602071980039e-01
1.49683929307726e+01 1.06630379599338e-01
1.51070330448665e+01 1.06657004041016e-01
1.52469572701757e+01 1.06684690570820e-01
1.53881775003835e+01 1.06712512663911e-01
1.55307057393346e+01 1.06739299464597e-01
1.56745541020560e+01 1.06767151726487e-01
1.58197348157860e+01 1.06794315992098e-01
1.59662602210143e+01 1.06821681580186e-01
1.61141427725302e+01 1.06848739487600e-01
1.62633950404819e+01 1.06876734141975e-01
1.64140297114447e+01 1.06903643436311e-01
1.65660595894991e+01 1.06931860840717e-01
1.67194975973199e+01 1.06958626522400e-01
1.68743567772738e+01 1.06986995794679e-01
1.70306502925284e+01 1.07013755951096e-01
1.71883914281715e+01 1.07041091745803e-01
1.73475935923393e+01 1.07068969421082e-01
1.75082703173573e+01 1.07096255166638e-01
1.76704352608895e+01 1.07124114407463e-01
1.78341022071001e+01 1.07151440105148e-01
1.79992850678248e+01 1.07178242481771e-01
1.81659978837533e+01 1.07206571282487e-01
1.83342548256229e+01 1.07233457947935e-01
1.85040701954230e+01 1.07261725840547e-01
1.86754584276108e+01 1.07289164021314e-01
1.88484340903380e+01 1.07317163321278e-01
1.90230118866894e+01 1.07343716044034e-01
1.91992066559328e+01 1.07371416003726e-01
1.93770333747799e+01 1.07399255612957e-01
1.95565071586595e+01 1.07426836823312e-01
1.97376432630026e+01 1.07454701896565e-01
1.99204570845387e+01 1.07481989994806e-01
2.01049641626050e+01 1.07508837200572e-01
2.02911801804668e+01 1.07536892909048e-01
2.04791209666509e+01 1.07564752074581e-01
2.06688024962908e+01 1.07592166696973e-01
2.08602408924850e+01 1.07620135795525e-01
2.10534524276671e+01 1.07647832469911e-01
2.12484535249888e+01 1.07674999297154e-01
2.14452607597167e+01 1.07702986660504e-01
2.16438908606402e+01 1.07730429000770e-01
2.18443607114943e+01 1.07757878780149e-01
2.20466873523941e+01 1.07785333557630e-01
2.22508879812837e+01 1.07812791296015e-01
2.24569799553977e+01 1.07841354805060e-01
2.26649807927369e+01 1.07868268038778e-01
2.28749081735570e+01 1.07895761149838e-01
2.30867799418717e+01 1.07923237430638e-01
2.33006141069692e+01 1.07951839683496e-01
2.35164288449435e+01 1.07979339234262e-01
2.37342425002387e+01 1.08006862591825e-01
2.39540735872088e+01 1.08034340312684e-01
2.41759407916913e+01 1.08061843037074e-01
2.43998629725955e+01 1.08089726209663e-01
2.46258591635055e+01 1.08117254407196e-01
2.48539485742980e+01 1.08145958662467e-01
2.50841505927754e+01 1.08173673787094e-01
2.53164847863136e+01 1.08201051868039e-01
2.55509709035251e+01 1.08228157461482e-01
2.57876288759380e+01 1.08256459870258e-01
2.60264788196900e+01 1.08283264686645e-01
2.62675410372384e+01 1.08311436651284e-01
2.65108360190854e+01 1.08339515543814e-01
2.67563844455205e+01 1.08366965415599e-01
2.70042071883777e+01 1.08395236536772e-01
2.72543253128103e+01 1.08423414724275e-01
2.75067600790806e+01 1.08449855464969e-01
2.77615329443680e+01 1.08477430741443e-01
2.80186655645920e+01 1.08506217880230e-01
2.82781797962534e+01 1.08534013851145e-01
2.85400976982924e+01 1.08561977334649e-01
2.88044415339630e+01 1.08590080897660e-01
2.90712337727258e+01 1.08617781936828e-01
2.93404970921579e+01 1.08645231510240e-01
2.96122543798803e+01 1.08671936701316e-01
2.98865287355038e+01 1.08700715716480e-01
3.01633434725920e+01 1.08728392944976e-01
3.04427221206430e+01 1.08756057075353e-01
3.07246884270900e+01 1.08784373904014e-01
3.10092663593193e+01 1.08812594700509e-01
3.12964801067075e+01 1.08840308616714e-01
3.15863540826782e+01 1.08866930687915e-01
3.18789129267765e+01 1.08895558475452e-01
3.21741815067637e+01 1.08923448863963e-01
3.24721849207313e+01 1.08952335527458e-01
3.27729484992338e+01 1.08979789823540e-01
3.30764978074424e+01 1.09006682657131e-01
3.33828586473176e+01 1.09035238443711e-01
3.36920570598027e+01 1.09063120779592e-01
3.40041193270371e+01 1.09090733435834e-01
3.43190719745904e+01 1.09118427313975e-01
3.46369417737173e+01 1.09147578347787e-01
3.49577557436328e+01 1.09175003021775e-01
3.52815411538088e+01 1.09204395208475e-01
3.56083255262928e+01 1.09231098766909e-01
3.59381366380463e+01 1.09259540996662e-01
3.62710025233065e+01 1.09286085750395e-01
3.66069514759690e+01 1.09315539602804e-01
3.69460120519930e+01 1.09343354761770e-01
3.72882130718283e+01 1.09371298954827e-01
3.76335836228653e+01 1.09399188382926e-01
3.79821530619074e+01 1.09426300573842e-01
3.83339510176660e+01 1.09453768909563e-01
3.86890073932798e+01 1.09484212652767e-01
3.90473523688556e+01 1.09511686034655e-01
3.94090164040345e+01 1.09539543758442e-01
3.97740302405804e+01 1.09567410925537e-01
4.01424249049932e+01 1.09595027096023e-01
4.05142317111465e+01 1.09623248416513e-01
4.08894822629486e+01 1.09651217678791e-01
4.12682084570295e+01 1.09680126234748e-01
4.16504424854518e+01 1.09707335624362e-01
4.20362168384471e+01 1.09734908292284e-01
4.24255643071778e+01 1.09764278850098e-01
4.28185179865241e+01 1.09792311571027e-01
4.32151112778976e+01 1.09819805895605e-01
4.36153778920801e+01 1.09848012988217e-01
4.40193518520887e+01 1.09874484099651e-01
4.44270674960688e+01 1.09904693348800e-01
4.48385594802119e+01 1.09931648889635e-01
4.52538627817017e+01 1.09960539536574e-01
4.56730127016875e+01 1.09987361993791e-01
4.60960448682843e+01 1.10018335611797e-01
4.65229952396019e+01 1.10044446922736e-01
4.69539001068006e+01 1.10073848808016e-01
4.73887960971765e+01 1.10101166703602e-01
4.78277201772749e+01 1.10130590505755e-01
4.82707096560318e+01 1.10157737041722e-01
4.87178021879463e+01 1.10186268292666e-01
4.91690357762803e+01 1.10214925388482e-01
4.96244487762891e+01 1.10241620435986e-01
5.00840798984821e+01 1.10271185336395e-01
5.05479682119124e+01 1.10298174296284e-01
5.10161531474983e+01 1.10327727934241e-01
5.14886745013749e+01 1.10354305304032e-01
5.19655724382766e+01 1.10383539049050e-01
5.24468874949512e+01 1.10411634932009e-01
5.29326605836056e+01 1.10440769830912e-01
5.34229329953835e+01 1.10466876250426e-01
5.39177464038750e+01 1.10498167658435e-01
5.44171428686589e+01 1.10524250095949e-01
5.49211648388779e+01 1.10553894803070e-01
5.54298551568467e+01 1.10582599713881e-01
5.59432570616938e+01 1.10611132910450e-01
5.64614141930367e+01 1.10638870725370e-01
5.69843705946914e+01 1.10665943882670e-01
5.75121707184161e+01 1.10695204957380e-01
5.80448594276898e+01 1.10723432467156e-01
5.85824820015254e+01 1.10750281006298e-01
5.91250841383188e+01 1.10780851386710e-01
5.96727119597332e+01 1.10808014120529e-01
6.02254120146193e+01 1.10837244914227e-01
6.07832312829723e+01 1.10864425943455e-01
6.13462171799251e+01 1.10895203758194e-01
6.19144175597784e+01 1.10923958703715e-01
6.24878807200689e+01 1.10951378761306e-01
6.30666554056741e+01 1.10979157088475e-01
6.36507908129557e+01 1.11007849431319e-01
6.42403365939419e+01 1.11036790403652e-01
6.48353428605472e+01 1.11064008692175e-01
6.54358601888324e+01 1.11093303614793e-01
6.60419396233031e+01 1.11122901709566e-01
6.66536326812491e+01 1.11149281731046e-01
6.72709913571234e+01 1.11178627080368e-01
6.78940681269611e+01 1.11205895052850e-01
6.85229159528406e+01 1.11235361674280e-01
6.91575882873853e+01 1.11264329738248e-01
6.97981390783066e+01 1.11291918933593e-01
7.04446227729904e+01 1.11319216936554e-01
7.10970943231243e+01 1.11350729050423e-01
7.17556091893693e+01 1.11378194510660e-01
7.24202233460732e+01 1.11406920262477e-01
7.30909932860291e+01 1.11434936215261e-01
7.37679760252773e+01 1.11464367614357e-01
7.44512291079513e+01 1.11493978731751e-01
7.51408106111697e+01 1.11520975602337e-01
7.58367791499719e+01 1.11550029309258e-01
7.65391938823015e+01 1.11578110230291e-01
7.72481145140340e+01 1.11607625744940e-01
7.79636013040523e+01 1.11634923712028e-01
7.86857150693685e+01 1.11664415020382e-01
7.94145171902934e+01 1.11693671320802e-01
8.01500696156540e+01 1.11720819822331e-01
8.08924348680594e+01 1.11750298938637e-01
8.16416760492146e+01 1.11779503814751e-01
8.23978568452852e+01 1.11807964977318e-01
8.31610415323096e+01 1.11835315241998e-01
8.39312949816636e+01 1.11864550090170e-01
8.47086826655740e+01 1.11892795708383e-01
8.54932706626838e+01 1.11921974148699e-01
8.62851256636689e+01 1.11949385918525e-01
8.70843149769072e+01 1.11979745807245e-01
8.78909065341995e+01 1.12008709905397e-01
8.87049688965440e+01 1.12033840148946e-01
8.95265712599639e+01 1.12065402938412e-01
9.03557834613893e+01 1.12094312174726e-01
9.11926759845930e+01 1.12124094989918e-01
9.20373199661822e+01 1.12150383316722e-01
9.28897872016450e+01 1.12183662867775e-01
9.37501501514529e+01 1.12208294504287e-01
9.46184819472200e+01 1.12239536700363e-01
9.54948563979197e+01 1.12267007291879e-01
9.63793479961579e+01 1.12294608225434e-01
9.72720319245054e+01 1.12324531887201e-01
9.81729840618884e+01 1.12352477491121e-01
9.90822809900380e+01 1.12382102936401e-01
1.00000000000000e+02 1.12411449432144e-01
