1.00000000000000e-02 9.25728372445088e-02
1.00926219098705e-02 9.25886613725314e-02
1.01861017015598e-02 9.26044828051438e-02
1.02804473209331e-02 9.26203003242497e-02
1.03756667874519e-02 9.26361145452636e-02
1.04717681948552e-02 9.26519254945983e-02
1.05687597118480e-02 9.26677337760007e-02
1.06666495827954e-02 9.26835393987648e-02
1.07654461284232e-02 9.26993411621819e-02
1.08651577465254e-02 9.27151396817037e-02
1.09657929126781e-02 9.27309358793226e-02
1.10673601809597e-02 9.27467282383818e-02
1.11698681846782e-02 9.27625179921964e-02
1.12733256371049e-02 9.27783051489661e-02
1.13777413322149e-02 9.27940881916992e-02
1.14831241454351e-02 9.28098686621764e-02
1.15894830343981e-02 9.28256462551248e-02
1.16968270397039e-02 9.28414203741195e-02
1.18051652856880e-02 9.28571919397576e-02
1.19145069811978e-02 9.28729603562173e-02
1.20248614203741e-02 9.28887256350046e-02
1.21362379834424e-02 9.29044883839009e-02
1.22486461375093e-02 9.29202480217102e-02
1.23620954373677e-02 9.29360039317185e-02
1.24765955263087e-02 9.29517579557380e-02
1.25921561369415e-02 9.29675085818265e-02
1.27087870920206e-02 9.29832558216171e-02
1.28264983052806e-02 9.29990008933575e-02
1.29452997822792e-02 9.30147426027710e-02
1.30652016212472e-02 9.30304815604841e-02
1.31862140139475e-02 9.30462183773950e-02
1.33083472465408e-02 9.30619515542701e-02
1.34316117004602e-02 9.30776804832073e-02
1.35560178532937e-02 9.30934082195579e-02
1.36815762796747e-02 9.31091338613905e-02
1.38082976521809e-02 9.31248552832957e-02
1.39361927422414e-02 9.31405743232807e-02
1.40652724210524e-02 9.31562909924276e-02
1.41955476605010e-02 9.31720040823431e-02
1.43270295340983e-02 9.31877148170654e-02
1.44597292179202e-02 9.32034228990441e-02
1.45936579915576e-02 9.32191274379896e-02
1.47288272390750e-02 9.32348302533839e-02
1.48652484499786e-02 9.32505298431094e-02
1.50029332201922e-02 9.32658833553493e-02
1.51418932530435e-02 9.32815870678301e-02
1.52821403602587e-02 9.32972870070456e-02
1.54236864629663e-02 9.33129847254787e-02
1.55665435927106e-02 9.33286792536240e-02
1.57107238924745e-02 9.33443714650726e-02
1.58562396177114e-02 9.33600607625888e-02
1.60031031373870e-02 9.33757466340724e-02
1.61513269350309e-02 9.33914309422351e-02
1.63009236097974e-02 9.34071112655005e-02
1.64519058775366e-02 9.34227885682511e-02
1.66042865718753e-02 9.34384642174727e-02
1.67580786453077e-02 9.34541363758170e-02
1.69132951702965e-02 9.34698065500134e-02
1.70699493403841e-02 9.34854739739094e-02
1.72280544713139e-02 9.35011390590828e-02
1.73876240021625e-02 9.35168004581503e-02
1.75486714964815e-02 9.35324595086752e-02
1.77112106434509e-02 9.35481159910439e-02
1.78752552590424e-02 9.35637689578771e-02
1.80408192871938e-02 9.35794204454317e-02
1.82079168009946e-02 9.35950695315919e-02
1.83765620038817e-02 9.36107143858301e-02
1.85467692308470e-02 9.36263571800296e-02
1.87185529496558e-02 9.36419987023309e-02
1.88919277620767e-02 9.36576362754924e-02
1.90669084051225e-02 9.36732710713137e-02
1.92435097523033e-02 9.36889040139649e-02
1.94217468148903e-02 9.37045343673627e-02
1.96016347431919e-02 9.37201626031765e-02
1.97831888278416e-02 9.37357876595556e-02
1.99664245010979e-02 9.37514096666423e-02
2.01513573381556e-02 9.37670303329947e-02
2.03380030584698e-02 9.37826469887249e-02
2.05263775270925e-02 9.37982623195935e-02
2.07164967560207e-02 9.38138746401135e-02
2.09083769055575e-02 9.38294849354923e-02
2.11020342856860e-02 9.38450934496076e-02
2.12974853574552e-02 9.38606976252776e-02
2.14947467343798e-02 9.38762998070363e-02
2.16938351838518e-02 9.38918997476547e-02
2.18947676285662e-02 9.39074983136928e-02
2.20975611479590e-02 9.39230932177512e-02
2.23022329796594e-02 9.39386860219227e-02
2.25088005209546e-02 9.39542766223660e-02
2.27172813302691e-02 9.39698649106705e-02
2.29276931286565e-02 9.39854501810176e-02
2.31400538013065e-02 9.40010342513350e-02
2.33543813990648e-02 9.40166148327669e-02
2.35706941399673e-02 9.40321938635681e-02
2.37890104107889e-02 9.40477696544634e-02
2.40093487686065e-02 9.40633443143361e-02
2.42317279423760e-02 9.40789153824956e-02
2.44561668345245e-02 9.40944854252532e-02
2.46826845225569e-02 9.41100524120776e-02
2.49113002606779e-02 9.41256171605390e-02
2.51420334814280e-02 9.41411798467881e-02
2.53749037973357e-02 9.41567393669592e-02
2.56099310025846e-02 9.41722971913754e-02
2.58471350746956e-02 9.41878534472487e-02
2.60865361762255e-02 9.42034073095320e-02
2.63281546564802e-02 9.42189580433061e-02
2.65720110532451e-02 9.42345058891585e-02
2.68181260945302e-02 9.42500539265027e-02
2.70665207003324e-02 9.42655988652922e-02
2.73172159844138e-02 9.42811418344509e-02
2.75702332560958e-02 9.42966815810863e-02
2.78255940220712e-02 9.43122202120120e-02
2.80833199882317e-02 9.43277550653823e-02
2.83434330615131e-02 9.43432900293914e-02
2.86059553517574e-02 9.43588217232039e-02
2.88709091735924e-02 9.43743505055786e-02
2.91383170483279e-02 9.43898793102144e-02
2.94082017058706e-02 9.44054037881469e-02
2.96805860866560e-02 9.44209269605168e-02
2.99554933435981e-02 9.44364478911454e-02
3.02329468440578e-02 9.44519680257782e-02
3.05129701718287e-02 9.44674849329119e-02
3.07955871291423e-02 9.44830011225532e-02
3.10808217386906e-02 9.44989845565104e-02
3.13686982456688e-02 9.45140237805371e-02
3.16592411198352e-02 9.45295333397131e-02
3.19524750575921e-02 9.45450405846305e-02
3.22484249840844e-02 9.45605461265778e-02
3.25471160553185e-02 9.45760483164300e-02
3.28485736603004e-02 9.45915498002767e-02
3.31528234231942e-02 9.46070486363302e-02
3.34598912054997e-02 9.46225458725576e-02
3.37698031082509e-02 9.46380416864112e-02
3.40825854742345e-02 9.46535344275832e-02
3.43982648902292e-02 9.46690265112427e-02
3.47168681892656e-02 9.46845165204430e-02
3.50384224529067e-02 9.47000037154946e-02
3.53629550135504e-02 9.47154890816968e-02
3.56904934567523e-02 9.47309728591268e-02
3.60210656235707e-02 9.47464546010931e-02
3.63546996129332e-02 9.47619359754937e-02
3.66914237840249e-02 9.47774148800198e-02
3.70312667586993e-02 9.47928914893664e-02
3.73742574239106e-02 9.48083649037235e-02
3.77204249341700e-02 9.48238385110921e-02
3.80697987140229e-02 9.48393088797279e-02
3.84224084605506e-02 9.48547784879712e-02
3.87782841458946e-02 9.48702456904168e-02
3.91374560198038e-02 9.48857118598892e-02
3.94999546122064e-02 9.49011780475579e-02
3.98658107358044e-02 9.49166386454887e-02
4.02350554886929e-02 9.49320992826585e-02
4.06077202570037e-02 9.49475584736869e-02
4.09838367175726e-02 9.49630157795690e-02
4.13634368406327e-02 9.49784704579944e-02
4.17465528925314e-02 9.49939256725074e-02
4.21332174384729e-02 9.50093765588413e-02
4.25234633452868e-02 9.50248261233234e-02
4.29173237842216e-02 9.50402774533486e-02
4.33148322337640e-02 9.50557238096572e-02
4.37160224824850e-02 9.50711682835440e-02
4.41209286319119e-02 9.50866129013023e-02
4.45295850994266e-02 9.51020535551979e-02
4.49420266211914e-02 9.51174964747150e-02
4.53582882551019e-02 9.51329345506092e-02
4.57784053837662e-02 9.51483743908355e-02
4.62024137175131e-02 9.51638079108353e-02
4.66303492974273e-02 9.51792420907335e-02
4.70622484984128e-02 9.51946757411534e-02
4.74981480322850e-02 9.52101059518128e-02
4.79380849508911e-02 9.52255366306194e-02
4.83820966492596e-02 9.52409650869580e-02
4.88302208687788e-02 9.52563916359320e-02
4.92824957004051e-02 9.52718169602919e-02
4.97389595879006e-02 9.52872408450982e-02
5.01996513311008e-02 9.53026652517782e-02
5.06646100892127e-02 9.53180853183049e-02
5.11338753841433e-02 9.53335039786769e-02
5.16074871038591e-02 9.53489231903944e-02
5.20854855057766e-02 9.53643390702242e-02
5.25679112201842e-02 9.53797545504106e-02
5.30548052536957e-02 9.53951679963346e-02
5.35462089927361e-02 9.54105802327627e-02
5.40421642070592e-02 9.54259916540089e-02
5.45427130532983e-02 9.54414007723239e-02
5.50478980785497e-02 9.54568085689002e-02
5.55577622239888e-02 9.54722170041947e-02
5.60723488285203e-02 9.54876221919044e-02
5.65917016324624e-02 9.55030268452321e-02
5.71158647812643e-02 9.55184317258577e-02
5.76448828292588e-02 9.55338330847576e-02
5.81788007434494e-02 9.55492312391466e-02
5.87176639073326e-02 9.55646300981679e-02
5.92615181247555e-02 9.55800284767064e-02
5.98104096238094e-02 9.55954268282274e-02
6.03643850607587e-02 9.56108208239940e-02
6.09234915240071e-02 9.56262155673334e-02
6.14877765381002e-02 9.56416083673907e-02
6.20572880677650e-02 9.56570002103498e-02
6.26320745219869e-02 9.56723902219870e-02
6.32121847581245e-02 9.56877812469187e-02
6.37976680860628e-02 9.57031689561472e-02
6.43885742724042e-02 9.57185552173040e-02
6.49849535446989e-02 9.57339416423313e-02
6.55868565957143e-02 9.57493264194113e-02
6.61943345877439e-02 9.57647098732174e-02
6.68074391569562e-02 9.57800910416511e-02
6.74262224177834e-02 9.57954727667675e-02
6.80507369673521e-02 9.58108549293803e-02
6.86810358899530e-02 9.58262336462699e-02
6.93171727615541e-02 9.58416106822649e-02
6.99592016543538e-02 9.58569892659424e-02
7.06071771413777e-02 9.58723653108472e-02
7.12611543011175e-02 9.58877403430554e-02
7.19211887222119e-02 9.59031158863472e-02
7.25873365081725e-02 9.59184869706008e-02
7.32596542821523e-02 9.59338599001774e-02
7.39381991917587e-02 9.59492285955810e-02
7.46230289139111e-02 9.59646002350880e-02
7.53142016597437e-02 9.59799655079708e-02
7.60117761795533e-02 9.59953396043927e-02
7.67158117677930e-02 9.60107030140946e-02
7.74263682681127e-02 9.60260713658267e-02
7.81435060784454e-02 9.60414357786074e-02
7.88672861561415e-02 9.60567995092468e-02
7.95977700231499e-02 9.60721627954534e-02
8.03350197712474e-02 9.60875260767793e-02
8.10790980673169e-02 9.61028880669788e-02
8.18300681586739e-02 9.61182448671420e-02
8.25879938784427e-02 9.61336071231011e-02
8.33529396509819e-02 9.61489646434300e-02
8.41249704973612e-02 9.61643228725078e-02
8.49041520408875e-02 9.61796807287155e-02
8.56905505126835e-02 9.61950417000196e-02
8.64842327573172e-02 9.62103945036942e-02
8.72852662384838e-02 9.62257515361612e-02
8.80937190447399e-02 9.62411039005789e-02
8.89096598952916e-02 9.62564559474249e-02
8.97331581458352e-02 9.62718072556007e-02
9.05642837944529e-02 9.62871613158198e-02
9.14031074875623e-02 9.63025159516700e-02
9.22497005259217e-02 9.63178622971043e-02
9.31041348706907e-02 9.63332131496218e-02
9.39664831495469e-02 9.63485600763370e-02
9.48368186628592e-02 9.63639130603717e-02
9.57152153899187e-02 9.63792579831868e-02
9.66017479952265e-02 9.63946029318625e-02
9.74964918348409e-02 9.64099524402518e-02
9.83995229627823e-02 9.64252961254523e-02
9.93109181374980e-02 9.64406420054643e-02
1.00230754828387e-01 9.64559877090370e-02
1.01159111222383e-01 9.64713300073937e-02
1.02096066230605e-01 9.64866741086043e-02
1.03041699495059e-01 9.65020152542214e-02
1.03996091395412e-01 9.65173578006846e-02
1.04959323055823e-01 9.65327002216914e-02
1.05931476351837e-01 9.65480425292202e-02
1.06912633917348e-01 9.65633834630797e-02
1.07902879151618e-01 9.65787214981108e-02
1.08902296226373e-01 9.65940607210717e-02
1.09910970092950e-01 9.66094005649933e-02
1.10928986489522e-01 9.66247367006580e-02
1.11956431948388e-01 9.66400736296015e-02
1.12993393803322e-01 9.66554101011122e-02
1.14039960197003e-01 9.66707496230673e-02
1.15096220088503e-01 9.66860832446184e-02
1.16162263260850e-01 9.67014227458546e-02
1.17238180328660e-01 9.67167566466307e-02
1.18324062745838e-01 9.67320929445129e-02
1.19420002813353e-01 9.67474284311024e-02
1.20526093687084e-01 9.67627635375432e-02
1.21642429385737e-01 9.67780971445663e-02
1.22769104798836e-01 9.67934275909743e-02
1.23906215694792e-01 9.68087639982744e-02
1.25053858729039e-01 9.68240933417809e-02
1.26212131452255e-01 9.68394306352136e-02
1.27381132318648e-01 9.68547636835975e-02
1.28560960694330e-01 9.68700898135761e-02
1.29751716865759e-01 9.68854222638282e-02
1.30953502048267e-01 9.69007559834441e-02
1.32166418394661e-01 9.69160878824462e-02
1.33390569003906e-01 9.69314160013916e-02
1.34626057929891e-01 9.69467434568915e-02
1.35872990190271e-01 9.69620758476443e-02
1.37131471775394e-01 9.69774063596789e-02
1.38401609657313e-01 9.69927355127569e-02
1.39683511798874e-01 9.70080679867828e-02
1.40977287162897e-01 9.70233963297085e-02
1.42283045721435e-01 9.70387236677214e-02
1.43600898465126e-01 9.70540564170526e-02
1.44930957412622e-01 9.70693794852134e-02
1.46273335620113e-01 9.70847088020247e-02
1.47628147190939e-01 9.71000410999068e-02
1.48995507285285e-01 9.71153629316258e-02
1.50375532129974e-01 9.71306958034294e-02
1.51768339028341e-01 9.71460229894542e-02
1.53174046370208e-01 9.71613453242550e-02
1.54592773641948e-01 9.71766739596119e-02
1.56024641436637e-01 9.71920040273420e-02
1.57469771464309e-01 9.72073387945432e-02
1.58928286562298e-01 9.72226624812045e-02
1.60400310705682e-01 9.72379932116817e-02
1.61885969017820e-01 9.72533199656978e-02
1.63385387780986e-01 9.72686514600281e-02
1.64898694447107e-01 9.72839734291278e-02
1.66426017648590e-01 9.72992962090808e-02
1.67967487209265e-01 9.73146229537109e-02
1.69523234155412e-01 9.73299584366866e-02
1.71093390726901e-01 9.73452860472897e-02
1.72678090388436e-01 9.73606112938227e-02
1.74277467840892e-01 9.73759382064349e-02
1.75891659032773e-01 9.73912739032242e-02
1.77520801171763e-01 9.74065938478656e-02
1.79165032736390e-01 9.74219209983294e-02
1.80824493487795e-01 9.74372474508962e-02
1.82499324481615e-01 9.74525756118577e-02
1.84189668079971e-01 9.74679062618097e-02
1.85895667963569e-01 9.74832346756833e-02
1.87617469143912e-01 9.74985624413266e-02
1.89355217975630e-01 9.75138863969467e-02
1.91109062168914e-01 9.75292192353900e-02
1.92879150802078e-01 9.75445467041888e-02
1.94665634334226e-01 9.75598711842568e-02
1.96468664618045e-01 9.75752045842818e-02
1.98288394912707e-01 9.75905334403787e-02
2.00124979896904e-01 9.76058577547708e-02
2.01978575681988e-01 9.76211949975800e-02
2.03849339825246e-01 9.76365213585905e-02
2.05737431343291e-01 9.76518519363018e-02
2.07643010725577e-01 9.76671851830216e-02
2.09566239948043e-01 9.76825123189529e-02
2.11507282486879e-01 9.76978384085580e-02
2.13466303332424e-01 9.77131738305622e-02
2.15443469003188e-01 9.77284961225175e-02
2.17438947560008e-01 9.77438367677810e-02
2.19452908620331e-01 9.77591732987997e-02
2.21485523372636e-01 9.77745085555268e-02
2.23536964590980e-01 9.77898442848764e-02
2.25607406649686e-01 9.78051106638545e-02
2.27697025538168e-01 9.78205058984498e-02
2.29805998875885e-01 9.78358278625113e-02
2.31934505927443e-01 9.78511568829458e-02
2.34082727617829e-01 9.78665132805655e-02
2.36250846547795e-01 9.78818440788850e-02
2.38439047009372e-01 9.78971204019282e-02
2.40647515001542e-01 9.79125072782657e-02
2.42876438246045e-01 9.79277311000827e-02
2.45126006203334e-01 9.79431264313399e-02
2.47396410088681e-01 9.79583784013737e-02
2.49687842888433e-01 9.79737137087681e-02
2.52000499376409e-01 9.79889040689878e-02
2.54334576130465e-01 9.80043811299608e-02
2.56690271549195e-01 9.80195499326021e-02
2.59067785868801e-01 9.80348740549030e-02
2.61467321180109e-01 9.80502003966872e-02
2.63889081445751e-01 9.80655237446256e-02
2.66333272517498e-01 9.80808511280788e-02
2.68800102153761e-01 9.80961720087134e-02
2.71289780037247e-01 9.81114970293727e-02
2.73802517792786e-01 9.81268180747590e-02
2.76338529005317e-01 9.81421470248634e-02
2.78898029238044e-01 9.81574701299518e-02
2.81481236050758e-01 9.81727805581675e-02
2.84088369018330e-01 9.81881241137102e-02
2.86719649749377e-01 9.82034135952965e-02
2.89375301905095e-01 9.82187301259670e-02
2.92055551218275e-01 9.82340629930104e-02
2.94760625512486e-01 9.82493944565084e-02
2.97490754721444e-01 9.82647406517956e-02
3.00246170908555e-01 9.82800716952737e-02
3.03027108286640e-01 9.82953905271640e-02
3.05833803237843e-01 9.83107372560744e-02
3.08666494333727e-01 9.83260689911380e-02
3.11525422355549e-01 9.83412926605404e-02
3.14410830314726e-01 9.83561265910426e-02
3.17322963473498e-01 9.83714498747223e-02
3.20262069365765e-01 9.83867735741252e-02
3.23228397818138e-01 9.84021071828114e-02
3.26222200971167e-01 9.84174222617163e-02
3.29243733300777e-01 9.84327473446358e-02
3.32293251639897e-01 9.84480726874122e-02
3.35371015200293e-01 9.84634081264747e-02
3.38477285594598e-01 9.84787345201034e-02
3.41612326858553e-01 9.84940519540492e-02
3.44776405473446e-01 9.85093983164203e-02
3.47969790388769e-01 9.85247166145094e-02
3.51192753045073e-01 9.85400355048627e-02
3.54445567397043e-01 9.85553644345494e-02
3.57728509936787e-01 9.85706844158100e-02
3.61041859717334e-01 9.85860237029829e-02
3.64385898376354e-01 9.86013448080617e-02
3.67760910160103e-01 9.86166852798163e-02
3.71167181947576e-01 9.86320168374013e-02
3.74605003274899e-01 9.86473680577806e-02
3.78074666359935e-01 9.86626818643545e-02
3.81576466127125e-01 9.86780152101791e-02
3.85110700232557e-01 9.86933586279082e-02
3.88677669089267e-01 9.87087025995734e-02
3.92277675892772e-01 9.87240189258275e-02
3.95911026646846e-01 9.87393641377334e-02
3.99578030189527e-01 9.87547005650009e-02
4.03278998219371e-01 9.87700565244384e-02
4.07014245321944e-01 9.87853753032282e-02
4.10784088996565e-01 9.88006948039038e-02
4.14588849683291e-01 9.88160432717701e-02
4.18428850790158e-01 9.88313735385465e-02
4.22304418720667e-01 9.88467329567731e-02
4.26215882901532e-01 9.88620646732772e-02
4.30163575810679e-01 9.88774159100290e-02
4.34147833005509e-01 9.88927489272357e-02
4.38168993151419e-01 9.89081016642513e-02
4.42227398050590e-01 9.89234456667531e-02
4.46323392671039e-01 9.89387904150007e-02
4.50457325175946e-01 9.89541264486381e-02
4.54629546953240e-01 9.89694633108561e-02
4.58840412645476e-01 9.89848292755287e-02
4.63090280179974e-01 9.90001676207011e-02
4.67379510799246e-01 9.90155350842245e-02
4.71708469091702e-01 9.90308846184617e-02
4.76077523022637e-01 9.90462062246815e-02
4.80487043965513e-01 9.90615666361255e-02
4.84937406733524e-01 9.90769281596220e-02
4.89428989611453e-01 9.90922713762837e-02
4.93962174387832e-01 9.91076436788851e-02
4.98537346387389e-01 9.91229885145099e-02
5.03154894503805e-01 9.91383345132953e-02
5.07815211232767e-01 9.91537000827654e-02
5.12518692705333e-01 9.91690570665796e-02
5.17265738721602e-01 9.91844054029672e-02
5.22056752784698e-01 9.91997735554549e-02
5.26892142135067e-01 9.92151238551709e-02
5.31772317785097e-01 9.92305032873520e-02
5.36697694554048e-01 9.92458554256889e-02
5.41668691103315e-01 9.92612274223436e-02
5.46685729972018e-01 9.92765814422345e-02
5.51749237612913e-01 9.92919361624495e-02
5.56859644428641e-01 9.93073014743403e-02
5.62017384808319e-01 9.93226867531658e-02
5.67222897164454e-01 9.93380350975930e-02
5.72476623970218e-01 9.93533937134825e-02
5.77779011797050e-01 9.93687821337918e-02
5.83130511352622e-01 9.93841332956718e-02
5.88531577519145e-01 9.93995235655001e-02
5.93982669392036e-01 9.94148957649074e-02
5.99484250318941e-01 9.94302690901055e-02
6.05036787939122e-01 9.94456247379190e-02
6.10640754223204e-01 9.94610285203490e-02
6.16296625513294e-01 9.94763765479801e-02
6.22004882563471e-01 9.94917634505095e-02
6.27766010580650e-01 9.95071325287908e-02
6.33580499265825e-01 9.95225313511161e-02
6.39448842855694e-01 9.95378930633407e-02
6.45371540164670e-01 9.95532938846730e-02
6.51349094627280e-01 9.95686771252910e-02
6.57382014340959e-01 9.95840612864229e-02
6.63470812109235e-01 9.95994274764512e-02
6.69616005485322e-01 9.96148141251843e-02
6.75818116816111e-01 9.96302206193755e-02
6.82077673286569e-01 9.96455902580388e-02
6.88395206964550e-01 9.96609990720916e-02
6.94771254846024e-01 9.96763906107324e-02
7.01206358900718e-01 9.96917824608664e-02
7.07701066118189e-01 9.97071759406828e-02
7.14255928554313e-01 9.97225704107931e-02
7.20871503378214e-01 9.97379476431777e-02
7.27548352919623e-01 9.97533641357823e-02
7.34287044716676e-01 9.97687811644016e-02
7.41088151564157e-01 9.97841618772550e-02
7.47952251562182e-01 9.97995813954511e-02
7.54879928165344e-01 9.98149268436377e-02
7.61871770232300e-01 9.98303491207260e-02
7.68928372075831e-01 9.98457731717804e-02
7.76050333513357e-01 9.98611600006043e-02
7.83238259917920e-01 9.98765861449392e-02
7.90492762269642e-01 9.98919569366209e-02
7.97814457207663e-01 9.99073663047519e-02
8.05203967082547e-01 9.99227966479110e-02
8.12661920009195e-01 9.99382094441727e-02
8.20188949920220e-01 9.99536233295215e-02
8.27785696619848e-01 9.99690199513175e-02
8.35452805838287e-01 9.99844551507102e-02
8.43190929286626e-01 9.99998728545814e-02
8.51000724712225e-01 1.00015291917413e-01
8.58882855954625e-01 1.00030731527767e-01
8.66837993001978e-01 1.00046153926172e-01
8.74866812047991e-01 1.00061558866061e-01
8.82969995549409e-01 1.00076984095189e-01
8.91148232284020e-01 1.00092428778294e-01
8.99402217409204e-01 1.00107837709879e-01
9.07732652521023e-01 1.00123285843889e-01
9.16140245713852e-01 1.00138734848099e-01
9.24625711640574e-01 1.00154129538747e-01
9.33189771573324e-01 1.00169563758556e-01
9.41833153464795e-01 1.00185017457213e-01
9.50556592010120e-01 1.00200435183374e-01
9.59360828709314e-01 1.00215854109058e-01
9.68246611930312e-01 1.00231332373331e-01
9.77214696972572e-01 1.00246735141333e-01
9.86265846131282e-01 1.00262215534133e-01
9.95400828762152e-01 1.00277640523637e-01
1.00462042134681e+00 1.00293105123908e-01
1.01392540755882e+00 1.00308533523832e-01
1.02331657833024e+00 1.00323982356791e-01
1.03279473191895e+00 1.00339452275593e-01
1.04236067397640e+00 1.00354904597056e-01
1.05201521761616e+00 1.00370358176482e-01
1.06175918348300e+00 1.00385793500914e-01
1.07159339982267e+00 1.00401232083859e-01
1.08151870255229e+00 1.00416709010883e-01
1.09153593533139e+00 1.00432187896314e-01
1.10164594963366e+00 1.00447574099597e-01
1.11184960481927e+00 1.00463075132757e-01
1.12214776820798e+00 1.00478578154320e-01
1.13254131515281e+00 1.00493987488254e-01
1.14303112911448e+00 1.00509493492017e-01
1.15361810173648e+00 1.00524982679615e-01
1.16430313292088e+00 1.00540416604163e-01
1.17508713090481e+00 1.00555870379108e-01
1.18597101233767e+00 1.00571365013974e-01
1.19695570235904e+00 1.00586860654082e-01
1.20804213467733e+00 1.00602319927471e-01
1.21923125164911e+00 1.00617837515272e-01
1.23052400435926e+00 1.00633319492149e-01
1.24192135270178e+00 1.00648784727408e-01
1.25342426546140e+00 1.00664289077411e-01
1.26503372039590e+00 1.00679757872180e-01
1.27675070431927e+00 1.00695246911384e-01
1.28857621318552e+00 1.00710699649528e-01
1.30051125217341e+00 1.00726249232831e-01
1.31255683577184e+00 1.00741705963279e-01
1.32471398786612e+00 1.00757239937174e-01
1.33698374182495e+00 1.00772718766686e-01
1.34936714058831e+00 1.00788200639210e-01
1.36186523675608e+00 1.00803683147031e-01
1.37447909267754e+00 1.00819242907216e-01
1.38720978054162e+00 1.00834692243831e-01
1.40005838246810e+00 1.00850255734262e-01
1.41302599059953e+00 1.00865783395295e-01
1.42611370719413e+00 1.00881276900881e-01
1.43932264471941e+00 1.00896808355282e-01
1.45265392594678e+00 1.00912304857815e-01
1.46610868404698e+00 1.00927840130344e-01
1.47968806268640e+00 1.00943301068630e-01
1.49339321612425e+00 1.00958879605728e-01
1.50722530931076e+00 1.00974383844948e-01
1.52118551798610e+00 1.00989927725876e-01
1.53527502878042e+00 1.01005434136933e-01
1.54949503931463e+00 1.01020906585608e-01
1.56384675830225e+00 1.01036455498916e-01
1.57833140565212e+00 1.01051969619225e-01
1.59295021257212e+00 1.01067560204441e-01
1.60770442167382e+00 1.01083039723995e-01
1.62259528707809e+00 1.01098524066308e-01
1.63762407452169e+00 1.01114119750520e-01
1.65279206146490e+00 1.01129718401311e-01
1.66810053720006e+00 1.01145169328288e-01
1.68355080296120e+00 1.01160771115293e-01
1.69914417203463e+00 1.01176340123788e-01
1.71488196987054e+00 1.01191872604452e-01
1.73076553419573e+00 1.01207407169834e-01
1.74679621512725e+00 1.01222941899283e-01
1.76297537528721e+00 1.01238479671342e-01
1.77930438991858e+00 1.01254133563385e-01
1.79578464700210e+00 1.01269677535566e-01
1.81241754737424e+00 1.01285295058863e-01
1.82920450484629e+00 1.01300767932457e-01
1.84614694632455e+00 1.01316355018316e-01
1.86324631193156e+00 1.01331903565135e-01
1.88050405512858e+00 1.01347495969601e-01
1.89792164283910e+00 1.01363050856402e-01
1.91550055557353e+00 1.01378608947191e-01
1.93324228755505e+00 1.01394207950197e-01
1.95114834684662e+00 1.01409729657362e-01
1.96922025547917e+00 1.01425332034470e-01
1.98745954958098e+00 1.01440897897296e-01
2.00586777950823e+00 1.01456544516849e-01
2.02444650997680e+00 1.01472150385038e-01
2.04319732019527e+00 1.01487687453873e-01
2.06212180399914e+00 1.01503337615565e-01
2.08122156998634e+00 1.01518952370466e-01
2.10049824165392e+00 1.01534532823285e-01
2.11995345753607e+00 1.01550115567037e-01
2.13958887134342e+00 1.01565699525945e-01
2.15940615210357e+00 1.01581285735991e-01
2.17940698430296e+00 1.01596987263356e-01
2.19959306803007e+00 1.01612654582157e-01
2.21996611911995e+00 1.01628134764385e-01
2.24052786930002e+00 1.01643805600809e-01
2.26128006633728e+00 1.01659517610198e-01
2.28222447418690e+00 1.01674968297516e-01
2.30336287314213e+00 1.01690685006143e-01
2.32469705998565e+00 1.01706251138228e-01
2.34622884814226e+00 1.01721860792585e-01
2.36796006783308e+00 1.01737508172004e-01
2.38989256623105e+00 1.01753120296990e-01
2.41202820761801e+00 1.01768734825410e-01
2.43436887354311e+00 1.01784390621503e-01
2.45691646298279e+00 1.01800048832550e-01
2.47967289250216e+00 1.01815634220707e-01
2.50264009641792e+00 1.01831411501831e-01
2.52582002696278e+00 1.01847034590342e-01
2.54921465445142e+00 1.01862590875304e-01
2.57282596744793e+00 1.01878261410776e-01
2.59665597293487e+00 1.01893933189267e-01
2.62070669648385e+00 1.01909607462692e-01
2.64498018242772e+00 1.01925210195766e-01
2.66947849403432e+00 1.01940928367739e-01
2.69420371368188e+00 1.01956572526950e-01
2.71915794303602e+00 1.01972256849512e-01
2.74434330322837e+00 1.01987869700284e-01
2.76976193503689e+00 1.02003522755144e-01
2.79541599906786e+00 1.02019249771305e-01
2.82130767593947e+00 1.02034906636176e-01
2.84743916646725e+00 1.02050531045138e-01
2.87381269185107e+00 1.02066383939632e-01
2.90043049386399e+00 1.02081897991884e-01
2.92729483504282e+00 1.02097640503006e-01
2.95440799888038e+00 1.02113310340290e-01
2.98177229001967e+00 1.02129136059178e-01
3.00939003444972e+00 1.02144660583001e-01
3.03726357970331e+00 1.02160341057714e-01
3.06539529505653e+00 1.02176171967289e-01
3.09378757173014e+00 1.02191852272898e-01
3.12244282309286e+00 1.02207616007870e-01
3.15136348486648e+00 1.02223231866086e-01
3.18055201533292e+00 1.02239000997324e-01
3.21001089554317e+00 1.02254691962431e-01
3.23974262952820e+00 1.02270388416360e-01
3.26974974451177e+00 1.02286160093467e-01
3.30003479112529e+00 1.02301864766069e-01
3.33060034362459e+00 1.02317569371081e-01
3.36144900010876e+00 1.02333282455618e-01
3.39258338274099e+00 1.02348989681304e-01
3.42400613797143e+00 1.02364780719774e-01
3.45571993676214e+00 1.02380424029336e-01
3.48772747481418e+00 1.02396211853098e-01
3.52003147279668e+00 1.02411860701219e-01
3.55263467657814e+00 1.02427741137738e-01
3.58553985745982e+00 1.02443543220577e-01
3.61874981241128e+00 1.02459191616864e-01
3.65226736430818e+00 1.02474848738235e-01
3.68609536217216e+00 1.02490737558334e-01
3.72023668141307e+00 1.02506400359937e-01
3.75469422407334e+00 1.02522291907322e-01
3.78947091907467e+00 1.02538111044857e-01
3.82456972246700e+00 1.02553710111700e-01
3.85999361767977e+00 1.02569459652875e-01
3.89574561577550e+00 1.02585205939321e-01
3.93182875570577e+00 1.02601048938417e-01
3.96824610456948e+00 1.02616879344847e-01
4.00500075787361e+00 1.02632646784353e-01
4.04209583979631e+00 1.02648410882748e-01
4.07953450345245e+00 1.02664174741411e-01
4.11731993116168e+00 1.02680019991308e-01
4.15545533471888e+00 1.02695868214514e-01
4.19394395566719e+00 1.02711493471771e-01
4.23278906557355e+00 1.02727350819252e-01
4.27199396630678e+00 1.02743207928853e-01
4.31156199031823e+00 1.02758999261516e-01
4.35149650092505e+00 1.02774708535046e-01
4.39180089259609e+00 1.02790574628451e-01
4.43247859124040e+00 1.02806371780105e-01
4.47353305449846e+00 1.02822247255593e-01
4.51496777203610e+00 1.02838043832272e-01
4.55678626584106e+00 1.02853846775469e-01
4.59899209052244e+00 1.02869649420776e-01
4.64158883361278e+00 1.02885465220127e-01
4.68458011587304e+00 1.02901277364416e-01
4.72796959160039e+00 1.02917167851882e-01
4.77176094893875e+00 1.02932982748803e-01
4.81595791019235e+00 1.02948811018991e-01
4.86056423214213e+00 1.02964707373982e-01
4.90558370636505e+00 1.02980538455137e-01
4.95102015955635e+00 1.02996372714298e-01
4.99687745385488e+00 1.03012134950034e-01
5.04315948717136e+00 1.03028040157400e-01
5.08987019351968e+00 1.03043962713018e-01
5.13701354335134e+00 1.03059806103995e-01
5.18459354389291e+00 1.03075652663988e-01
5.23261423948666e+00 1.03091506011765e-01
5.28107971193433e+00 1.03107358962788e-01
5.32999408084409e+00 1.03123294002578e-01
5.37936150398070e+00 1.03139221381688e-01
5.42918617761894e+00 1.03155012275757e-01
5.47947233690029e+00 1.03171032300212e-01
5.53022425619290e+00 1.03186901355037e-01
5.58144624945496e+00 1.03202694679514e-01
5.63314267060136e+00 1.03218573923236e-01
5.68531791387375e+00 1.03234754051080e-01
5.73797641421413e+00 1.03250485440513e-01
5.79112264764176e+00 1.03266378284331e-01
5.84476113163363e+00 1.03282187925901e-01
5.89889642550850e+00 1.03298158987037e-01
5.95353313081437e+00 1.03314201171419e-01
6.00867589171969e+00 1.03329877667220e-01
6.06432939540806e+00 1.03345858756515e-01
6.12049837247670e+00 1.03361907025559e-01
6.17718759733849e+00 1.03377744129940e-01
6.23440188862786e+00 1.03393885989586e-01
6.29214610961034e+00 1.03409571496386e-01
6.35042516859596e+00 1.03425561757252e-01
6.40924401935645e+00 1.03441420305203e-01
6.46860766154633e+00 1.03457425110749e-01
6.52852114112785e+00 1.03473417582515e-01
6.58898955079995e+00 1.03489278526050e-01
6.65001803043112e+00 1.03505436559281e-01
6.71161176749628e+00 1.03521304251614e-01
6.77377599751775e+00 1.03537167567504e-01
6.83651600451024e+00 1.03553042330800e-01
6.89983712143002e+00 1.03569380722907e-01
6.96374473062822e+00 1.03584953142823e-01
7.02824426430835e+00 1.03601131611011e-01
7.09334120498800e+00 1.03616861520689e-01
7.15904108596489e+00 1.03633055200981e-01
7.22534949178721e+00 1.03648959254286e-01
7.29227205872831e+00 1.03665009359811e-01
7.35981447526576e+00 1.03681122928536e-01
7.42798248256492e+00 1.03697103532476e-01
7.49678187496688e+00 1.03713013540275e-01
7.56621850048105e+00 1.03728768165572e-01
7.63629826128224e+00 1.03744986679619e-01
7.70702711421230e+00 1.03761049803871e-01
7.77841107128649e+00 1.03776982667944e-01
7.85045620020451e+00 1.03793061408671e-01
7.92316862486625e+00 1.03809126685965e-01
7.99655452589235e+00 1.03825061886452e-01
8.07062014114950e+00 1.03841142900469e-01
8.14537176628074e+00 1.03857227740426e-01
8.22081575524054e+00 1.03873444046113e-01
8.29695852083491e+00 1.03889123517354e-01
8.37380653526649e+00 1.03905068251308e-01
8.45136633068471e+00 1.03921607216965e-01
8.52964449974102e+00 1.03937305796998e-01
8.60864769614924e+00 1.03953562880642e-01
8.68838263525118e+00 1.03969531342507e-01
8.76885609458743e+00 1.03985636445862e-01
8.85007491447344e+00 1.04001603280107e-01
8.93204599858097e+00 1.04017733627135e-01
9.01477631452492e+00 1.04033716860142e-01
9.09827289445556e+00 1.04049703994104e-01
9.18254283565628e+00 1.04065854966683e-01
9.26759330114688e+00 1.04081991093081e-01
9.35343152029239e+00 1.04097980451853e-01
9.44006478941760e+00 1.04114142889815e-01
9.52750047242729e+00 1.04130423022655e-01
9.61574600143210e+00 1.04146451090215e-01
9.70480887738031e+00 1.04162446188645e-01
9.79469667069540e+00 1.04178774705854e-01
9.88541702191957e+00 1.04194636021731e-01
9.97697764236320e+00 1.04210802676970e-01
1.00693863147603e+01 1.04226982670436e-01
1.01626508939300e+01 1.04243284285685e-01
1.02567793074442e+01 1.04259487039039e-01
1.03517795563018e+01 1.04275504029818e-01
1.04476597156080e+01 1.04291430376709e-01
1.05444279352617e+01 1.04307771188422e-01
1.06420924406472e+01 1.04323653660571e-01
1.07406615333343e+01 1.04339880183400e-01
1.08401435917833e+01 1.04355780376750e-01
1.09405470720574e+01 1.04372166380237e-01
1.10418805085416e+01 1.04388506671695e-01
1.11441525146679e+01 1.04404578891554e-01
1.12473717836475e+01 1.04420645407440e-01
1.13515470892100e+01 1.04436876603537e-01
1.14566872863487e+01 1.04452810349869e-01
1.15628013120738e+01 1.04469351076789e-01
1.16698981861715e+01 1.04485414078922e-01
1.17779870119712e+01 1.04501550656680e-01
1.18870769771190e+01 1.04517781316523e-01
1.19971773543588e+01 1.04534177711125e-01
1.21082975023204e+01 1.04549984604101e-01
1.22204468663149e+01 1.04566378667516e-01
1.23336349791378e+01 1.04582344275363e-01
1.24478714618791e+01 1.04598766882910e-01
1.25631660247412e+01 1.04615174401742e-01
1.26795284678643e+01 1.04631453998210e-01
1.27969686821594e+01 1.04647586815526e-01
1.29154966501488e+01 1.04663754773020e-01
1.30351224468151e+01 1.04680026128396e-01
1.31558562404570e+01 1.04696288520745e-01
1.32777082935543e+01 1.04712462006394e-01
1.34006889636395e+01 1.04728443872803e-01
1.35248087041788e+01 1.04744894025379e-01
1.36500780654601e+01 1.04761368860116e-01
1.37765076954905e+01 1.04777524630710e-01
1.39041083409007e+01 1.04794028499454e-01
1.40328908478587e+01 1.04809869389655e-01
1.41628661629920e+01 1.04826320990288e-01
1.42940453343176e+01 1.04842796418966e-01
1.44264395121816e+01 1.04858710733039e-01
1.45600599502065e+01 1.04874913767245e-01
1.46949180062482e+01 1.04891099073238e-01
1.48310251433610e+01 1.04907590261198e-01
1.49683929307726e+01 1.04923806274122e-01
1.51070330448665e+01 1.04939982061566e-01
1.52469572701757e+01 1.04956508395040e-01
1.53881775003835e+01 1.04972390766019e-01
1.55307057393346e+01 1.04989228860254e-01
1.56745541020560e+01 1.05005465271320e-01
1.58197348157860e+01 1.05021707509744e-01
1.59662602210143e+01 1.05038233101778e-01
1.61141427725302e+01 1.05054461230015e-01
1.62633950404819e+01 1.05070693652744e-01
1.64140297114447e+01 1.05086953599564e-01
1.65660595894991e+01 1.05103496505975e-01
1.67194975973199e+01 1.05120045469754e-01
1.68743567772738e+01 1.05136015326714e-01
1.70306502925284e+01 1.05152269680323e-01
1.71883914281715e+01 1.05168830115069e-01
1.73475935923393e+01 1.05185377011232e-01
1.75082703173573e+01 1.05201360706252e-01
1.76704352608895e+01 1.05217632597092e-01
1.78341022071001e+01 1.05234234524944e-01
1.79992850678248e+01 1.05250819166520e-01
1.81659978837533e+01 1.05267126305528e-01
1.83342548256229e+01 1.05283416097585e-01
1.85040701954230e+01 1.05300036228291e-01
1.86754584276108e+01 1.05316313070828e-01
1.88484340903380e+01 1.05332923238629e-01
1.90230118866894e+01 1.05349541275073e-01
1.91992066559328e+01 1.05365584478100e-01
1.93770333747799e+01 1.05381926326786e-01
1.95565071586595e+01 1.05398508673391e-01
1.97376432630026e+01 1.05414526537012e-01
1.99204570845387e+01 1.05431183615692e-01
2.01049641626050e+01 1.05447566170269e-01
2.02911801804668e+01 1.05464436854564e-01
2.04791209666509e+01 1.05480529459688e-01
2.06688024962908e+01 1.05496878379543e-01
2.08602408924850e+01 1.05513559029205e-01
2.10534524276671e+01 1.05529917300479e-01
2.12484535249888e+01 1.05546594803284e-01
2.14452607597167e+01 1.05563477156672e-01
2.16438908606402e+01 1.05579107518135e-01
2.18443607114943e+01 1.05596053138112e-01
2.20466873523941e+01 1.05613012685660e-01
2.22508879812837e+01 1.05629314844415e-01
2.24569799553977e+01 1.05646333451375e-01
2.26649807927369e+01 1.05662087396382e-01
2.28749081735570e+01 1.05678904838620e-01
2.30867799418717e+01 1.05694335873129e-01
2.33006141069692e+01 1.05711494832247e-01
2.35164288449435e+01 1.05727580721188e-01
2.37342425002387e+01 1.05744297438546e-01
2.39540735872088e+01 1.05760722085788e-01
2.41759407916913e+01 1.05777479598630e-01
2.43998629725955e+01 1.05794445196314e-01
2.46258591635055e+01 1.05810379936775e-01
2.48539485742980e+01 1.05826493791812e-01
2.50841505927754e+01 1.05843639633448e-01
2.53164847863136e+01 1.05860074745879e-01
2.55509709035251e+01 1.05877026372874e-01
2.57876288759380e+01 1.05893300218471e-01
2.60264788196900e+01 1.05910038270667e-01
2.62675410372384e+01 1.05926541078522e-01
2.65108360190854e+01 1.05943017857801e-01
2.67563844455205e+01 1.05959526731671e-01
2.70042071883777e+01 1.05976615422687e-01
2.72543253128103e+01 1.05992551029975e-01
2.75067600790806e+01 1.06009674653855e-01
2.77615329443680e+01 1.06025856673813e-01
2.80186655645920e+01 1.06042310575919e-01
2.82781797962534e+01 1.06059534451530e-01
2.85400976982924e+01 1.06075364776950e-01
2.88044415339630e+01 1.06092849561508e-01
2.90712337727258e+01 1.06109121434062e-01
2.93404970921579e+01 1.06125272900512e-01
2.96122543798803e+01 1.06141858248789e-01
2.98865287355038e+01 1.06159049826278e-01
3.01633434725920e+01 1.06176087936240e-01
3.04427221206430e+01 1.06192107908886e-01
3.07246884270900e+01 1.06208714275037e-01
3.10092663593193e+01 1.06225275496642e-01
3.12964801067075e+01 1.06242479738257e-01
3.15863540826782e+01 1.06259024693479e-01
3.18789129267765e+01 1.06275035058053e-01
3.21741815067637e+01 1.06292725395189e-01
3.24721849207313e+01 1.06309374889145e-01
3.27729484992338e+01 1.06325904252930e-01
3.30764978074424e+01 1.06342190036369e-01
3.33828586473176e+01 1.06359222097028e-01
3.36920570598027e+01 1.06375838649350e-01
3.40041193270371e+01 1.06392383974054e-01
3.43190719745904e+01 1.06409723191629e-01
3.46369417737173e+01 1.06426345902254e-01
3.49577557436328e+01 1.06442361563366e-01
3.52815411538088e+01 1.06460151541041e-01
3.56083255262928e+01 1.06476238788963e-01
3.59381366380463e+01 1.06493494844446e-01
3.62710025233065e+01 1.06509528284141e-01
3.66069514759690e+01 1.06527463012192e-01
3.69460120519930e+01 1.06543402444756e-01
3.72882130718283e+01 1.06559567075716e-01
3.76335836228653e+01 1.06576902489096e-01
3.79821530619074e+01 1.06594171077843e-01
3.83339510176660e+01 1.06610683336433e-01
3.86890073932798e+01 1.06627530687098e-01
3.90473523688556e+01 1.06643457540561e-01
3.94090164040345e+01 1.06660861854924e-01
3.97740302405804e+01 1.06678281358799e-01
4.01424249049932e+01 1.06695714247656e-01
4.05142317111465e+01 1.06711753427456e-01
4.08894822629486e+01 1.06728446576057e-01
4.12682084570295e+01 1.06745170066954e-01
4.16504424854518e+01 1.06761854564113e-01
4.20362168384471e+01 1.06778585600836e-01
4.24255643071778e+01 1.06795630969524e-01
4.28185179865241e+01 1.06812115022648e-01
4.32151112778976e+01 1.06829434108138e-01
4.36153778920801e+01 1.06845731209386e-01
4.40193518520887e+01 1.06862688553112e-01
4.44270674960688e+01 1.06879755490574e-01
4.48385594802119e+01 1.06896522672402e-01
4.52538627817017e+01 1.06912751934776e-01
4.56730127016875e+01 1.06930075845426e-01
4.60960448682843e+01 1.06947576664870e-01
4.65229952396019e+01 1.06964338622440e-01
4.69539001068006e+01 1.06980433180862e-01
4.73887960971765e+01 1.06998003142264e-01
4.78277201772749e+01 1.07014727001028e-01
4.82707096560318e+01 1.07032039985638e-01
4.87178021879463e+01 1.07048354585901e-01
4.91690357762803e+01 1.07065802531792e-01
4.96244487762891e+01 1.07082108727267e-01
5.00840798984821e+01 1.07099006006552e-01
5.05479682119124e+01 1.07115985334837e-01
5.10161531474983e+01 1.07133734476417e-01
5.14886745013749e+01 1.07150840990090e-01
5.19655724382766e+01 1.07167800087833e-01
5.24468874949512e+01 1.07184475118143e-01
5.29326605836056e+01 1.07201852449515e-01
5.34229329953835e+01 1.07218316870371e-01
5.39177464038750e+01 1.07235137473899e-01
5.44171428686589e+01 1.07252088832955e-01
5.49211648388779e+01 1.07268920785548e-01
5.54298551568467e+01 1.07286495571468e-01
5.59432570616938e+01 1.07303669055157e-01
5.64614141930367e+01 1.07320491989811e-01
5.69843705946914e+01 1.07337160135285e-01
5.75121707184161e+01 1.07353718979486e-01
5.80448594276898e+01 1.07371648727470e-01
5.85824820015254e+01 1.07388571399248e-01
5.91250841383188e+01 1.07405082503200e-01
5.96727119597332e+01 1.07422328952407e-01
6.02254120146193e+01 1.07440105853879e-01
6.07832312829723e+01 1.07456018972033e-01
6.13462171799251e+01 1.07472654109907e-01
6.19144175597784e+01 1.07490956318823e-01
6.24878807200689e+01 1.07507397545755e-01
6.30666554056741e+01 1.07524761528766e-01
6.36507908129557e+01 1.07542658614250e-01
6.42403365939419e+01 1.07557869787144e-01
6.48353428605472e+01 1.07576444863913e-01
6.54358601888324e+01 1.07593495219281e-01
6.60419396233031e+01 1.07610566786541e-01
6.66536326812491e+01 1.07627134327522e-01
6.72709913571234e+01 1.07644837214021e-01
6.78940681269611e+01 1.07661753281226e-01
6.85229159528406e+01 1.07678767181806e-01
6.91575882873853e+01 1.07696489117924e-01
6.97981390783066e+01 1.07712723568820e-01
7.04446227729904e+01 1.07730451592968e-01
7.10970943231243e+01 1.07746790098332e-01
7.17556091893693e+01 1.07764209912765e-01
7.24202233460732e+01 1.07781036972459e-01
7.30909932860291e+01 1.07797757432840e-01
7.37679760252773e+01 1.07816525877801e-01
7.44512291079513e+01 1.07832841406697e-01
7.51408106111697e+01 1.07850624186517e-01
7.58367791499719e+01 1.07868723147305e-01
7.65391938823015e+01 1.07885277537962e-01
7.72481145140340e+01 1.07902666694610e-01
7.79636013040523e+01 1.07918144347706e-01
7.86857150693685e+01 1.07936896358503e-01
7.94145171902934e+01 1.07952759109271e-01
8.01500696156540e+01 1.07971460232313e-01
8.08924348680594e+01 1.07988294579053e-01
8.16416760492146e+01 1.08005646159037e-01
8.23978568452852e+01 1.08022360542600e-01
8.31610415323096e+01 1.08039664861452e-01
8.39312949816636e+01 1.08057478561939e-01
8.47086826655740e+01 1.08074882079890e-01
8.54932706626838e+01 1.08091372049079e-01
8.62851256636689e+01 1.08108342168617e-01
8.70843149769072e+01 1.08126192411570e-01
8.78909065341995e+01 1.08144460913418e-01
8.87049688965440e+01 1.08161013014697e-01
8.95265712599639e+01 1.08178526619711e-01
9.03557834613893e+01 1.08195996418798e-01
9.11926759845930e+01 1.08212878393978e-01
9.20373199661822e+01 1.08230805566508e-01
9.28897872016450e+01 1.08248038853049e-01
9.37501501514529e+01 1.08264962145760e-01
9.46184819472200e+01 1.08282387530835e-01
9.54948563979197e+01 1.08299749399436e-01
9.63793479961579e+01 1.08318139467518e-01
9.72720319245054e+01 1.08334637872839e-01
9.81729840618884e+01 1.08352828523766e-01
9.90822809900380e+01 1.08369093907334e-01
1.00000000000000e+02 1.08386660129168e-01
